0.000000 0.644781 1.282490
0.100100 0.689217 1.299699
0.200200 0.736415 1.317731
0.300300 0.786526 1.336610
0.400400 0.839706 1.356358
0.500501 0.896120 1.376997
0.600601 0.955937 1.398548
0.700701 1.019337 1.421034
0.800801 1.086504 1.444474
0.900901 1.157633 1.468888
1.001001 1.232924 1.494297
1.101101 1.312587 1.520719
1.201201 1.396840 1.548173
1.301301 1.485910 1.576677
1.401401 1.580031 1.606247
1.501502 1.679447 1.636902
1.601602 1.784412 1.668656
1.701702 1.895189 1.701525
1.801802 2.012047 1.735525
1.901902 2.135270 1.770669
2.002002 2.265149 1.806972
2.102102 2.401983 1.844447
2.202202 2.546084 1.883105
2.302302 2.697774 1.922960
2.402402 2.857382 1.964022
2.502503 3.025250 2.006303
2.602603 3.201730 2.049812
2.702703 3.387183 2.094560
2.802803 3.581981 2.140556
2.902903 3.786506 2.187809
3.003003 4.001151 2.236325
3.103103 4.226317 2.286114
3.203203 4.462418 2.337182
3.303303 4.709874 2.389534
3.403403 4.969118 2.443178
3.503504 5.240590 2.498117
3.603604 5.524741 2.554357
3.703704 5.822029 2.611901
3.803804 6.132921 2.670753
3.903904 6.457892 2.730914
4.004004 6.797425 2.792387
4.104104 7.152009 2.855172
4.204204 7.522141 2.919271
4.304304 7.908322 2.984681
4.404404 8.311060 3.051403
4.504505 8.730864 3.119433
4.604605 9.168251 3.188769
4.704705 9.623737 3.259407
4.804805 10.097842 3.331342
4.904905 10.591086 3.404568
5.005005 11.103987 3.479079
5.105105 11.637065 3.554865
5.205205 12.190834 3.631919
5.305305 12.765806 3.710230
5.405405 13.362486 3.789787
5.505506 13.981373 3.870578
5.605606 14.622958 3.952589
5.705706 15.287721 4.035805
5.805806 15.976131 4.120210
5.905906 16.688644 4.205787
6.006006 17.425700 4.292517
6.106106 18.187724 4.380379
6.206206 18.975120 4.469353
6.306306 19.788272 4.559416
6.406406 20.627541 4.650542
6.506507 21.493265 4.742706
6.606607 22.385751 4.835882
6.706707 23.305281 4.930039
6.806807 24.252104 5.025147
6.906907 25.226435 5.121175
7.007007 26.228455 5.218089
7.107107 27.258306 5.315854
7.207207 28.316090 5.414434
7.307307 29.401868 5.513789
7.407407 30.515655 5.613881
7.507508 31.657419 5.714667
7.607608 32.827083 5.816105
7.707708 34.024515 5.918151
7.807808 35.249532 6.020758
7.907908 36.501898 6.123879
8.008008 37.781318 6.227465
8.108108 39.087440 6.331464
8.208208 40.419853 6.435826
8.308308 41.778082 6.540496
8.408408 43.161593 6.645419
8.508509 44.569785 6.750540
8.608609 46.001993 6.855800
8.708709 47.457486 6.961141
8.808809 48.935466 7.066503
8.908909 50.435069 7.171825
9.009009 51.955362 7.277043
9.109109 53.495343 7.382096
9.209209 55.053946 7.486918
9.309309 56.630033 7.591445
9.409409 58.222402 7.695609
9.509510 59.829784 7.799345
9.609610 61.450843 7.902585
9.709710 63.084182 8.005260
9.809810 64.728339 8.107302
9.909910 66.381791 8.208641
10.010010 68.042958 8.309209
10.110110 69.710201 8.408936
10.210210 71.381828 8.507751
10.310310 73.056095 8.605585
10.410410 74.731210 8.702368
10.510511 76.405334 8.798030
10.610611 78.076587 8.892502
10.710711 79.743052 8.985714
10.810811 81.402776 9.077597
10.910911 83.053774 9.168085
11.011011 84.694038 9.257107
11.111111 86.321537 9.344599
11.211211 87.934221 9.430494
11.311311 89.530030 9.514727
11.411411 91.106896 9.597234
11.511512 92.662747 9.677952
11.611612 94.195514 9.756819
11.711712 95.703135 9.833775
11.811812 97.183564 9.908762
11.911912 98.634768 9.981722
12.012012 100.054741 10.052599
12.112112 101.441503 10.121339
12.212212 102.793109 10.187890
12.312312 104.107653 10.252202
12.412412 105.383271 10.314227
12.512513 106.618150 10.373917
12.612613 107.810528 10.431229
12.712713 108.958704 10.486120
12.812813 110.061039 10.538550
12.912913 111.115959 10.588482
13.013013 112.121966 10.635881
13.113113 113.077633 10.680713
13.213213 113.981614 10.722948
13.313313 114.832647 10.762558
13.413413 115.629553 10.799516
13.513514 116.371244 10.833801
13.613614 117.056722 10.865391
13.713714 117.685083 10.894268
13.813814 118.255522 10.920418
13.913914 118.767327 10.943826
14.014014 119.219887 10.964483
14.114114 119.612694 10.982381
14.214214 119.945336 10.997515
14.314314 120.217507 11.009882
14.414414 120.428999 11.019483
14.514515 120.579709 11.026319
14.614615 120.669632 11.030396
14.714715 120.698866 11.031721
14.814815 120.667606 11.030304
14.914915 120.576145 11.026157
15.015015 120.424873 11.019295
15.115115 120.214273 11.009735
15.215215 119.944921 10.997496
15.315315 119.617483 10.982599
15.415415 119.232709 10.965068
15.515516 118.791435 10.944927
15.615616 118.294577 10.922206
15.715716 117.743129 10.896932
15.815816 117.138159 10.869138
15.915916 116.480803 10.838856
16.016016 115.772268 10.806122
16.116116 115.013819 10.770971
16.216216 114.206783 10.733442
16.316316 113.352539 10.693575
16.416416 112.452519 10.651409
16.516517 111.508200 10.606988
16.616617 110.521102 10.560355
16.716717 109.492781 10.511555
16.816817 108.424830 10.460632
16.916917 107.318868 10.407635
17.017017 106.176543 10.352610
17.117117 104.999523 10.295607
17.217217 103.789492 10.236674
17.317317 102.548149 10.175861
17.417417 101.277202 10.113219
17.517518 99.978366 10.048799
17.617618 98.653358 9.982653
17.717718 97.303891 9.914832
17.817818 95.931677 9.845389
17.917918 94.538418 9.774376
18.018018 93.125805 9.701845
18.118118 91.695517 9.627851
18.218218 90.249213 9.552445
18.318318 88.788534 9.475681
18.418418 87.315100 9.397611
18.518519 85.830506 9.318289
18.618619 84.336318 9.237766
18.718719 82.834077 9.156095
18.818819 81.325291 9.073329
18.918919 79.811437 8.989518
19.019019 78.293957 8.904715
19.119119 76.774259 8.818972
19.219219 75.253713 8.732337
19.319319 73.733652 8.644863
19.419419 72.215370 8.556598
19.519520 70.700122 8.467592
19.619620 69.189123 8.377895
19.719720 67.683544 8.287554
19.819820 66.184518 8.196616
19.919920 64.693134 8.105130
20.020020 63.210439 8.013142
20.120120 61.737440 7.920697
20.220220 60.275097 7.827841
20.320320 58.824332 7.734619
20.420420 57.386022 7.641075
20.520521 55.961003 7.547251
20.620621 54.550068 7.453192
20.720721 53.153968 7.358938
20.820821 51.773416 7.264531
20.920921 50.409079 7.170013
21.021021 49.061589 7.075421
21.121121 47.731533 6.980797
21.221221 46.419464 6.886179
21.321321 45.125891 6.791604
21.421421 43.851290 6.697111
21.521522 42.596097 6.602734
21.621622 41.360713 6.508511
21.721722 40.145500 6.414476
21.821822 38.950790 6.320664
21.921922 37.776877 6.227108
22.022022 36.624024 6.133842
22.122122 35.492459 6.040899
22.222222 34.382382 5.948309
22.322322 33.293958 5.856104
22.422422 32.227327 5.764315
22.522523 31.182595 5.672971
22.622623 30.159844 5.582100
22.722723 29.159126 5.491732
22.822823 28.180469 5.401895
22.922923 27.223873 5.312615
23.023023 26.289317 5.223918
23.123123 25.376754 5.135830
23.223223 24.486115 5.048377
23.323323 23.617308 4.961583
23.423423 22.770223 4.875472
23.523524 21.944729 4.790066
23.623624 21.140674 4.705388
23.723724 20.357891 4.621460
23.823824 19.596193 4.538303
23.923924 18.855379 4.455937
24.024024 18.135230 4.374383
24.124124 17.435516 4.293660
24.224224 16.755990 4.213786
24.324324 16.096393 4.134778
24.424424 15.456455 4.056656
24.524525 14.835893 3.979434
24.624625 14.234415 3.903129
24.724725 13.651720 3.827756
24.824825 13.087495 3.753331
24.924925 12.541423 3.679867
25.025025 12.013177 3.607378
25.125125 11.502423 3.535877
25.225225 11.008824 3.465375
25.325325 10.532035 3.395885
25.425425 10.071708 3.327418
25.525526 9.627491 3.259983
25.625626 9.199028 3.193592
25.725726 8.785962 3.128252
25.825826 8.387934 3.063974
25.925926 8.004581 3.000763
26.026026 7.635543 2.938630
26.126126 7.280458 2.877579
26.226226 6.938964 2.817617
26.326326 6.610699 2.758750
26.426426 6.295306 2.700982
26.526527 5.992427 2.644320
26.626627 5.701705 2.588765
26.726727 5.422789 2.534322
26.826827 5.155329 2.480994
26.926927 4.898979 2.428781
27.027027 4.653396 2.377687
27.127127 4.418242 2.327712
27.227227 4.193184 2.278856
27.327327 3.977893 2.231119
27.427427 3.772044 2.184501
27.527528 3.575318 2.138999
27.627628 3.387403 2.094613
27.727728 3.207990 2.051338
27.827828 3.036777 2.009173
27.927928 2.873470 1.968113
28.028028 2.717777 1.928154
28.128128 2.569417 1.889290
28.228228 2.428111 1.851516
28.328328 2.293589 1.814825
28.428428 2.165587 1.779210
28.528529 2.043849 1.744663
28.628629 1.928122 1.711176
28.728729 1.818164 1.678739
28.828829 1.713737 1.647342
28.928929 1.614610 1.616976
29.029029 1.520561 1.587627
29.129129 1.431370 1.559285
29.229229 1.346829 1.531936
29.329329 1.266733 1.505567
29.429429 1.190885 1.480164
29.529530 1.119094 1.455711
29.629630 1.051176 1.432193
29.729730 0.986951 1.409593
29.829830 0.926250 1.387894
29.929930 0.868904 1.367079
30.030030 0.814756 1.347129
30.130130 0.763651 1.328025
30.230230 0.715441 1.309748
30.330330 0.669984 1.292278
30.430430 0.627142 1.275595
30.530531 0.586785 1.259677
30.630631 0.548787 1.244503
30.730731 0.513027 1.230052
30.830831 0.479388 1.216301
30.930931 0.447761 1.203229
31.031031 0.418038 1.190814
31.131131 0.390119 1.179033
31.231231 0.363906 1.167864
31.331331 0.339307 1.157284
31.431431 0.316233 1.147272
31.531532 0.294600 1.137805
31.631632 0.274328 1.128861
31.731732 0.255339 1.120419
31.831832 0.237562 1.112457
31.931932 0.220926 1.104955
32.032032 0.205365 1.097891
32.132132 0.190818 1.091246
32.232232 0.177224 1.084999
32.332332 0.164527 1.079132
32.432432 0.152672 1.073626
32.532533 0.141611 1.068462
32.632633 0.131294 1.063623
32.732733 0.121675 1.059092
32.832833 0.112712 1.054852
32.932933 0.104364 1.050887
33.033033 0.096592 1.047183
33.133133 0.089359 1.043724
33.233233 0.082633 1.040496
33.333333 0.076379 1.037487
33.433433 0.070568 1.034683
33.533534 0.065171 1.032071
33.633634 0.060160 1.029641
33.733734 0.055511 1.027380
33.833834 0.051198 1.025279
33.933934 0.047200 1.023328
34.034034 0.043495 1.021516
34.134134 0.040064 1.019835
34.234234 0.036887 1.018276
34.334334 0.033947 1.016832
34.434434 0.031228 1.015494
34.534535 0.028714 1.014255
34.634635 0.026391 1.013110
34.734735 0.024246 1.012050
34.834835 0.022265 1.011071
34.934935 0.020437 1.010167
35.035035 0.018751 1.009332
35.135135 0.017197 1.008562
35.235235 0.015764 1.007851
35.335335 0.014445 1.007196
35.435435 0.013230 1.006593
35.535536 0.012112 1.006038
35.635636 0.011084 1.005527
35.735736 0.010138 1.005056
35.835836 0.009270 1.004624
35.935936 0.008472 1.004227
36.036036 0.007739 1.003862
36.136136 0.007067 1.003527
36.236236 0.006450 1.003220
36.336336 0.005884 1.002938
36.436436 0.005366 1.002679
36.536537 0.004891 1.002443
36.636637 0.004457 1.002226
36.736737 0.004059 1.002027
36.836837 0.003695 1.001846
36.936937 0.003362 1.001680
37.037037 0.003058 1.001528
37.137137 0.002780 1.001389
37.237237 0.002526 1.001262
37.337337 0.002295 1.001147
37.437437 0.002084 1.001041
37.537538 0.001891 1.000945
37.637638 0.001715 1.000857
37.737738 0.001556 1.000777
37.837838 0.001410 1.000705
37.937938 0.001277 1.000638
38.038038 0.001157 1.000578
38.138138 0.001047 1.000523
38.238238 0.000947 1.000474
38.338338 0.000857 1.000428
38.438438 0.000775 1.000387
38.538539 0.000700 1.000350
38.638639 0.000632 1.000316
38.738739 0.000571 1.000285
38.838839 0.000515 1.000258
38.938939 0.000465 1.000232
39.039039 0.000419 1.000209
39.139139 0.000378 1.000189
39.239239 0.000340 1.000170
39.339339 0.000306 1.000153
39.439439 0.000276 1.000138
39.539540 0.000248 1.000124
39.639640 0.000223 1.000112
39.739740 0.000200 1.000100
39.839840 0.000180 1.000090
39.939940 0.000162 1.000081
40.040040 0.000145 1.000073
40.140140 0.000130 1.000065
40.240240 0.000117 1.000058
40.340340 0.000105 1.000052
40.440440 0.000094 1.000047
40.540541 0.000084 1.000042
40.640641 0.000075 1.000038
40.740741 0.000067 1.000034
40.840841 0.000060 1.000030
40.940941 0.000054 1.000027
41.041041 0.000048 1.000024
41.141141 0.000043 1.000022
41.241241 0.000038 1.000019
41.341341 0.000034 1.000017
41.441441 0.000031 1.000015
41.541542 0.000027 1.000014
41.641642 0.000024 1.000012
41.741742 0.000022 1.000011
41.841842 0.000019 1.000010
41.941942 0.000017 1.000009
42.042042 0.000015 1.000008
42.142142 0.000014 1.000007
42.242242 0.000012 1.000006
42.342342 0.000011 1.000005
42.442442 0.000010 1.000005
42.542543 0.000008 1.000004
42.642643 0.000008 1.000004
42.742743 0.000007 1.000003
42.842843 0.000006 1.000003
42.942943 0.000005 1.000003
43.043043 0.000005 1.000002
43.143143 0.000004 1.000002
43.243243 0.000004 1.000002
43.343343 0.000003 1.000002
43.443443 0.000003 1.000001
43.543544 0.000003 1.000001
43.643644 0.000002 1.000001
43.743744 0.000002 1.000001
43.843844 0.000002 1.000001
43.943944 0.000002 1.000001
44.044044 0.000001 1.000001
44.144144 0.000001 1.000001
44.244244 0.000001 1.000001
44.344344 0.000001 1.000000
44.444444 0.000001 1.000000
44.544545 0.000001 1.000000
44.644645 0.000001 1.000000
44.744745 0.000001 1.000000
44.844845 0.000000 1.000000
44.944945 0.000000 1.000000
45.045045 0.000000 1.000000
45.145145 0.000000 1.000000
45.245245 0.000000 1.000000
45.345345 0.000000 1.000000
45.445445 0.000000 1.000000
45.545546 0.000000 1.000000
45.645646 0.000000 1.000000
45.745746 0.000000 1.000000
45.845846 0.000000 1.000000
45.945946 0.000000 1.000000
46.046046 0.000000 1.000000
46.146146 0.000000 1.000000
46.246246 0.000000 1.000000
46.346346 0.000000 1.000000
46.446446 0.000000 1.000000
46.546547 0.000000 1.000000
46.646647 0.000000 1.000000
46.746747 0.000000 1.000000
46.846847 0.000000 1.000000
46.946947 0.000000 1.000000
47.047047 0.000000 1.000000
47.147147 0.000000 1.000000
47.247247 0.000000 1.000000
47.347347 0.000000 1.000000
47.447447 0.000000 1.000000
47.547548 0.000000 1.000000
47.647648 0.000000 1.000000
47.747748 0.000000 1.000000
47.847848 0.000000 1.000000
47.947948 0.000000 1.000000
48.048048 0.000000 1.000000
48.148148 0.000000 1.000000
48.248248 0.000000 1.000000
48.348348 0.000000 1.000000
48.448448 0.000000 1.000000
48.548549 0.000000 1.000000
48.648649 0.000000 1.000000
48.748749 0.000000 1.000000
48.848849 0.000000 1.000000
48.948949 0.000000 1.000000
49.049049 0.000000 1.000000
49.149149 0.000000 1.000000
49.249249 0.000000 1.000000
49.349349 0.000000 1.000000
49.449449 0.000000 1.000000
49.549550 0.000000 1.000000
49.649650 0.000000 1.000000
49.749750 0.000000 1.000000
49.849850 0.000000 1.000000
49.949950 0.000000 1.000000
50.050050 0.000000 1.000000
50.150150 0.000000 1.000000
50.250250 0.000000 1.000000
50.350350 0.000000 1.000000
50.450450 0.000000 1.000000
50.550551 0.000000 1.000000
50.650651 0.000000 1.000000
50.750751 0.000000 1.000000
50.850851 0.000000 1.000000
50.950951 0.000000 1.000000
51.051051 0.000000 1.000000
51.151151 0.000000 1.000000
51.251251 0.000000 1.000000
51.351351 0.000000 1.000000
51.451451 0.000000 1.000000
51.551552 0.000000 1.000000
51.651652 0.000000 1.000000
51.751752 0.000000 1.000000
51.851852 0.000000 1.000000
51.951952 0.000000 1.000000
52.052052 0.000000 1.000000
52.152152 0.000000 1.000000
52.252252 0.000000 1.000000
52.352352 0.000000 1.000000
52.452452 0.000000 1.000000
52.552553 0.000000 1.000000
52.652653 0.000000 1.000000
52.752753 0.000000 1.000000
52.852853 0.000000 1.000000
52.952953 0.000000 1.000000
53.053053 0.000000 1.000000
53.153153 0.000000 1.000000
53.253253 0.000000 1.000000
53.353353 0.000000 1.000000
53.453453 0.000000 1.000000
53.553554 0.000000 1.000000
53.653654 0.000000 1.000000
53.753754 0.000000 1.000000
53.853854 0.000000 1.000000
53.953954 0.000000 1.000000
54.054054 0.000000 1.000000
54.154154 0.000000 1.000000
54.254254 0.000000 1.000000
54.354354 0.000000 1.000000
54.454454 0.000000 1.000000
54.554555 0.000000 1.000000
54.654655 0.000000 1.000000
54.754755 0.000000 1.000000
54.854855 0.000000 1.000000
54.954955 0.000000 1.000000
55.055055 0.000000 1.000000
55.155155 0.000000 1.000000
55.255255 0.000000 1.000000
55.355355 0.000000 1.000000
55.455455 0.000000 1.000000
55.555556 0.000000 1.000000
55.655656 0.000000 1.000000
55.755756 0.000000 1.000000
55.855856 0.000000 1.000000
55.955956 0.000000 1.000000
56.056056 0.000000 1.000000
56.156156 0.000000 1.000000
56.256256 0.000000 1.000000
56.356356 0.000000 1.000000
56.456456 0.000000 1.000000
56.556557 0.000000 1.000000
56.656657 0.000000 1.000000
56.756757 0.000000 1.000000
56.856857 0.000000 1.000000
56.956957 0.000000 1.000000
57.057057 0.000000 1.000000
57.157157 0.000000 1.000000
57.257257 0.000000 1.000000
57.357357 0.000000 1.000000
57.457457 0.000000 1.000000
57.557558 0.000000 1.000000
57.657658 0.000000 1.000000
57.757758 0.000000 1.000000
57.857858 0.000000 1.000000
57.957958 0.000000 1.000000
58.058058 0.000000 1.000000
58.158158 0.000000 1.000000
58.258258 0.000000 1.000000
58.358358 0.000000 1.000000
58.458458 0.000000 1.000000
58.558559 0.000000 1.000000
58.658659 0.000000 1.000000
58.758759 0.000000 1.000000
58.858859 0.000000 1.000000
58.958959 0.000000 1.000000
59.059059 0.000000 1.000000
59.159159 0.000000 1.000000
59.259259 0.000000 1.000000
59.359359 0.000000 1.000000
59.459459 0.000000 1.000000
59.559560 0.000000 1.000000
59.659660 0.000000 1.000000
59.759760 0.000000 1.000000
59.859860 0.000000 1.000000
59.959960 0.000000 1.000000
60.060060 0.000000 1.000000
60.160160 0.000000 1.000000
60.260260 0.000000 1.000000
60.360360 0.000000 1.000000
60.460460 0.000000 1.000000
60.560561 0.000000 1.000000
60.660661 0.000000 1.000000
60.760761 0.000000 1.000000
60.860861 0.000000 1.000000
60.960961 0.000000 1.000000
61.061061 0.000000 1.000000
61.161161 0.000000 1.000000
61.261261 0.000000 1.000000
61.361361 0.000000 1.000000
61.461461 0.000000 1.000000
61.561562 0.000000 1.000000
61.661662 0.000001 1.000000
61.761762 0.000001 1.000000
61.861862 0.000001 1.000001
61.961962 0.000001 1.000001
62.062062 0.000002 1.000001
62.162162 0.000002 1.000001
62.262262 0.000003 1.000002
62.362362 0.000004 1.000002
62.462462 0.000005 1.000002
62.562563 0.000006 1.000003
62.662663 0.000008 1.000004
62.762763 0.000010 1.000005
62.862863 0.000013 1.000007
62.962963 0.000017 1.000008
63.063063 0.000021 1.000011
63.163163 0.000027 1.000013
63.263263 0.000034 1.000017
63.363363 0.000043 1.000021
63.463463 0.000054 1.000027
63.563564 0.000068 1.000034
63.663664 0.000085 1.000042
63.763764 0.000106 1.000053
63.863864 0.000132 1.000066
63.963964 0.000164 1.000082
64.064064 0.000204 1.000102
64.164164 0.000253 1.000126
64.264264 0.000312 1.000156
64.364364 0.000386 1.000193
64.464464 0.000475 1.000238
64.564565 0.000584 1.000292
64.664665 0.000717 1.000358
64.764765 0.000878 1.000439
64.864865 0.001073 1.000536
64.964965 0.001308 1.000654
65.065065 0.001592 1.000796
65.165165 0.001934 1.000966
65.265265 0.002344 1.001171
65.365365 0.002835 1.001417
65.465465 0.003422 1.001710
65.565566 0.004123 1.002059
65.665666 0.004957 1.002475
65.765766 0.005947 1.002969
65.865866 0.007121 1.003554
65.965966 0.008509 1.004246
66.066066 0.010147 1.005061
66.166166 0.012076 1.006020
66.266266 0.014342 1.007145
66.366366 0.016999 1.008464
66.466466 0.020107 1.010003
66.566567 0.023734 1.011798
66.666667 0.027959 1.013883
66.766767 0.032870 1.016302
66.866867 0.038564 1.019100
66.966967 0.045152 1.022327
67.067067 0.052759 1.026040
67.167167 0.061522 1.030302
67.267267 0.071594 1.035178
67.367367 0.083146 1.040743
67.467467 0.096365 1.047074
67.567568 0.111459 1.054257
67.667668 0.128655 1.062382
67.767768 0.148201 1.071541
67.867868 0.170370 1.081837
67.967968 0.195457 1.093370
68.068068 0.223783 1.106247
68.168168 0.255691 1.120576
68.268268 0.291556 1.136466
68.368368 0.331775 1.154025
68.468468 0.376773 1.173360
68.568569 0.427005 1.194573
68.668669 0.482950 1.217764
68.768769 0.545113 1.243026
68.868869 0.614026 1.270443
68.968969 0.690245 1.300094
69.069069 0.774346 1.332046
69.169169 0.866928 1.366356
69.269269 0.968605 1.403070
69.369369 1.080005 1.442222
69.469469 1.201769 1.483836
69.569570 1.334541 1.527921
69.669670 1.478968 1.574474
69.769770 1.635691 1.623481
69.869870 1.805343 1.674916
69.969970 1.988538 1.728739
70.070070 2.185867 1.784900
70.170170 2.397892 1.843337
70.270270 2.625132 1.903978
70.370370 2.868061 1.966739
70.470470 3.127098 2.031526
70.570571 3.402597 2.098237
70.670671 3.694836 2.166757
70.770771 4.004015 2.236966
70.870871 4.330241 2.308731
70.970971 4.673521 2.381915
71.071071 5.033755 2.456370
71.171171 5.410729 2.531942
71.271271 5.804106 2.608468
71.371371 6.213419 2.685781
71.471471 6.638068 2.763706
71.571572 7.077317 2.842062
71.671672 7.530283 2.920665
71.771772 7.995945 2.999324
71.871872 8.473135 3.077846
71.971972 8.960540 3.156032
72.072072 9.456710 3.233684
72.172172 9.960055 3.310597
72.272272 10.468856 3.386570
72.372372 10.981268 3.461397
72.472472 11.495334 3.534874
72.572573 12.008989 3.606798
72.672673 12.520080 3.676966
72.772773 13.026375 3.745180
72.872873 13.525578 3.811244
72.972973 14.015348 3.874964
73.073073 14.493315 3.936155
73.173173 14.957100 3.994634
73.273273 15.404331 4.050226
73.373373 15.832667 4.102763
73.473473 16.239816 4.152086
73.573574 16.623557 4.198042
73.673674 16.981756 4.240490
73.773774 17.312390 4.279298
73.873874 17.613564 4.314344
73.973974 17.883531 4.345518
74.074074 18.120705 4.372723
74.174174 18.323680 4.395871
74.274274 18.491244 4.414889
74.374374 18.622386 4.429716
74.474474 18.716315 4.440306
74.574575 18.772458 4.446623
74.674675 18.790474 4.448649
74.774775 18.770254 4.446375
74.874875 18.711919 4.439811
74.974975 18.615827 4.428976
75.075075 18.482560 4.413905
75.175175 18.312925 4.394647
75.275275 18.107942 4.371263
75.375375 17.868836 4.343827
75.475475 17.597025 4.312427
75.575576 17.294102 4.277161
75.675676 16.961825 4.238139
75.775776 16.602097 4.195485
75.875876 16.216948 4.149331
75.975976 15.808515 4.099819
76.076076 15.379026 4.047101
76.176176 14.930776 3.991338
76.276276 14.466109 3.932697
76.376376 13.987397 3.871356
76.476476 13.497018 3.807495
76.576577 12.997343 3.741302
76.676677 12.490710 3.672970
76.776777 11.979411 3.602695
76.876877 11.465674 3.530676
76.976977 10.951649 3.457116
77.077077 10.439393 3.382217
77.177177 9.930858 3.306185
77.277277 9.427881 3.229223
77.377377 8.932175 3.151535
77.477477 8.445320 3.073324
77.577578 7.968761 2.994789
77.677678 7.503801 2.916128
77.777778 7.051599 2.837534
77.877878 6.613171 2.759197
77.977978 6.189387 2.681303
78.078078 5.780978 2.604031
78.178178 5.388536 2.527555
78.278278 5.012520 2.452044
78.378378 4.653259 2.377658
78.478478 4.310961 2.304552
78.578579 3.985720 2.232873
78.678679 3.677522 2.162758
78.778779 3.386254 2.094339
78.878879 3.111713 2.027736
78.978979 2.853615 1.963063
79.079079 2.611603 1.900422
79.179179 2.385254 1.839906
79.279279 2.174091 1.781598
79.379379 1.977593 1.725570
79.479479 1.795195 1.671884
79.579580 1.626306 1.620588
79.679680 1.470310 1.571722
79.779780 1.326573 1.525311
79.879880 1.194453 1.481369
79.979980 1.073304 1.439897
80.080080 0.962482 1.400886
80.180180 0.861347 1.364312
80.280280 0.769271 1.330139
80.380380 0.685640 1.298322
80.480480 0.609858 1.268802
80.580581 0.541349 1.241511
80.680681 0.479559 1.216371
80.780781 0.423957 1.193297
80.880881 0.374040 1.172195
80.980981 0.329329 1.152965
81.081081 0.289373 1.135506
81.181181 0.253747 1.119708
81.281281 0.222055 1.105466
81.381381 0.193926 1.092669
81.481481 0.169015 1.081210
81.581582 0.147005 1.070983
81.681682 0.127601 1.061886
81.781782 0.110533 1.053818
81.881882 0.095554 1.046687
81.981982 0.082436 1.040402
82.082082 0.070975 1.034879
82.182182 0.060982 1.030040
82.282282 0.052290 1.025812
82.382382 0.044746 1.022128
82.482482 0.038212 1.018927
82.582583 0.032566 1.016153
82.682683 0.027698 1.013754
82.782783 0.023510 1.011686
82.882883 0.019914 1.009908
82.982983 0.016834 1.008382
83.083083 0.014201 1.007076
83.183183 0.011956 1.005960
83.283283 0.010045 1.005010
83.383383 0.008423 1.004203
83.483483 0.007048 1.003518
83.583584 0.005885 1.002938
83.683684 0.004905 1.002449
83.783784 0.004079 1.002038
83.883884 0.003386 1.001691
83.983984 0.002804 1.001401
84.084084 0.002318 1.001158
84.184184 0.001912 1.000956
84.284284 0.001574 1.000787
84.384384 0.001293 1.000646
84.484484 0.001060 1.000530
84.584585 0.000868 1.000434
84.684685 0.000709 1.000354
84.784785 0.000577 1.000289
84.884885 0.000470 1.000235
84.984985 0.000381 1.000191
85.085085 0.000309 1.000154
85.185185 0.000250 1.000125
85.285285 0.000201 1.000101
85.385385 0.000162 1.000081
85.485485 0.000130 1.000065
85.585586 0.000104 1.000052
85.685686 0.000084 1.000042
85.785786 0.000067 1.000033
85.885886 0.000053 1.000027
85.985986 0.000042 1.000021
86.086086 0.000034 1.000017
86.186186 0.000027 1.000013
86.286286 0.000021 1.000010
86.386386 0.000017 1.000008
86.486486 0.000013 1.000007
86.586587 0.000010 1.000005
86.686687 0.000008 1.000004
86.786787 0.000006 1.000003
86.886887 0.000005 1.000002
86.986987 0.000004 1.000002
87.087087 0.000003 1.000001
87.187187 0.000002 1.000001
87.287287 0.000002 1.000001
87.387387 0.000001 1.000001
87.487487 0.000001 1.000001
87.587588 0.000001 1.000000
87.687688 0.000001 1.000000
87.787788 0.000000 1.000000
87.887888 0.000000 1.000000
87.987988 0.000000 1.000000
88.088088 0.000000 1.000000
88.188188 0.000000 1.000000
88.288288 0.000000 1.000000
88.388388 0.000000 1.000000
88.488488 0.000000 1.000000
88.588589 0.000000 1.000000
88.688689 0.000000 1.000000
88.788789 0.000000 1.000000
88.888889 0.000000 1.000000
88.988989 0.000000 1.000000
89.089089 0.000000 1.000000
89.189189 0.000000 1.000000
89.289289 0.000000 1.000000
89.389389 0.000000 1.000000
89.489489 0.000000 1.000000
89.589590 0.000000 1.000000
89.689690 0.000000 1.000000
89.789790 0.000000 1.000000
89.889890 0.000000 1.000000
89.989990 0.000000 1.000000
90.090090 0.000000 1.000000
90.190190 0.000000 1.000000
90.290290 0.000000 1.000000
90.390390 0.000000 1.000000
90.490490 0.000000 1.000000
90.590591 0.000000 1.000000
90.690691 0.000000 1.000000
90.790791 0.000000 1.000000
90.890891 0.000000 1.000000
90.990991 0.000000 1.000000
91.091091 0.000000 1.000000
91.191191 0.000000 1.000000
91.291291 0.000000 1.000000
91.391391 0.000000 1.000000
91.491491 0.000000 1.000000
91.591592 0.000000 1.000000
91.691692 0.000000 1.000000
91.791792 0.000000 1.000000
91.891892 0.000000 1.000000
91.991992 0.000000 1.000000
92.092092 0.000000 1.000000
92.192192 0.000000 1.000000
92.292292 0.000000 1.000000
92.392392 0.000000 1.000000
92.492492 0.000000 1.000000
92.592593 0.000000 1.000000
92.692693 0.000000 1.000000
92.792793 0.000000 1.000000
92.892893 0.000000 1.000000
92.992993 0.000000 1.000000
93.093093 0.000000 1.000000
93.193193 0.000000 1.000000
93.293293 0.000000 1.000000
93.393393 0.000000 1.000000
93.493493 0.000000 1.000000
93.593594 0.000000 1.000000
93.693694 0.000000 1.000000
93.793794 0.000000 1.000000
93.893894 0.000000 1.000000
93.993994 0.000000 1.000000
94.094094 0.000000 1.000000
94.194194 0.000000 1.000000
94.294294 0.000000 1.000000
94.394394 0.000000 1.000000
94.494494 0.000000 1.000000
94.594595 0.000000 1.000000
94.694695 0.000000 1.000000
94.794795 0.000000 1.000000
94.894895 0.000000 1.000000
94.994995 0.000000 1.000000
95.095095 0.000000 1.000000
95.195195 0.000000 1.000000
95.295295 0.000000 1.000000
95.395395 0.000000 1.000000
95.495495 0.000000 1.000000
95.595596 0.000000 1.000000
95.695696 0.000000 1.000000
95.795796 0.000000 1.000000
95.895896 0.000000 1.000000
95.995996 0.000000 1.000000
96.096096 0.000000 1.000000
96.196196 0.000000 1.000000
96.296296 0.000000 1.000000
96.396396 0.000000 1.000000
96.496496 0.000000 1.000000
96.596597 0.000000 1.000000
96.696697 0.000000 1.000000
96.796797 0.000000 1.000000
96.896897 0.000000 1.000000
96.996997 0.000000 1.000000
97.097097 0.000000 1.000000
97.197197 0.000000 1.000000
97.297297 0.000000 1.000000
97.397397 0.000000 1.000000
97.497497 0.000000 1.000000
97.597598 0.000000 1.000000
97.697698 0.000000 1.000000
97.797798 0.000000 1.000000
97.897898 0.000000 1.000000
97.997998 0.000000 1.000000
98.098098 0.000000 1.000000
98.198198 0.000000 1.000000
98.298298 0.000000 1.000000
98.398398 0.000000 1.000000
98.498498 0.000000 1.000000
98.598599 0.000000 1.000000
98.698699 0.000000 1.000000
98.798799 0.000000 1.000000
98.898899 0.000000 1.000000
98.998999 0.000000 1.000000
99.099099 0.000000 1.000000
99.199199 0.000000 1.000000
99.299299 0.000000 1.000000
99.399399 0.000000 1.000000
99.499499 0.000000 1.000000
99.599600 0.000000 1.000000
99.699700 0.000000 1.000000
99.799800 0.000000 1.000000
99.899900 0.000000 1.000000
100.000000 0.000000 1.000000
