0.000000 0.000000 1.000000
0.100100 0.000000 1.000000
0.200200 0.000000 1.000000
0.300300 0.000000 1.000000
0.400400 0.000000 1.000000
0.500501 0.000000 1.000000
0.600601 0.000000 1.000000
0.700701 0.000000 1.000000
0.800801 0.000000 1.000000
0.900901 0.000000 1.000000
1.001001 0.000000 1.000000
1.101101 0.000000 1.000000
1.201201 0.000000 1.000000
1.301301 0.000000 1.000000
1.401401 0.000000 1.000000
1.501502 0.000000 1.000000
1.601602 0.000000 1.000000
1.701702 0.000000 1.000000
1.801802 0.000000 1.000000
1.901902 0.000000 1.000000
2.002002 0.000000 1.000000
2.102102 0.000000 1.000000
2.202202 0.000000 1.000000
2.302302 0.000000 1.000000
2.402402 0.000000 1.000000
2.502503 0.000000 1.000000
2.602603 0.000000 1.000000
2.702703 0.000000 1.000000
2.802803 0.000000 1.000000
2.902903 0.000000 1.000000
3.003003 0.000000 1.000000
3.103103 0.000000 1.000000
3.203203 0.000000 1.000000
3.303303 0.000000 1.000000
3.403403 0.000000 1.000000
3.503504 0.000000 1.000000
3.603604 0.000000 1.000000
3.703704 0.000000 1.000000
3.803804 0.000000 1.000000
3.903904 0.000000 1.000000
4.004004 0.000000 1.000000
4.104104 0.000000 1.000000
4.204204 0.000000 1.000000
4.304304 0.000000 1.000000
4.404404 0.000000 1.000000
4.504505 0.000000 1.000000
4.604605 0.000000 1.000000
4.704705 0.000000 1.000000
4.804805 0.000000 1.000000
4.904905 0.000000 1.000000
5.005005 0.000000 1.000000
5.105105 0.000000 1.000000
5.205205 0.000000 1.000000
5.305305 0.000000 1.000000
5.405405 0.000000 1.000000
5.505506 0.000000 1.000000
5.605606 0.000000 1.000000
5.705706 0.000000 1.000000
5.805806 0.000000 1.000000
5.905906 0.000000 1.000000
6.006006 0.000000 1.000000
6.106106 0.000000 1.000000
6.206206 0.000000 1.000000
6.306306 0.000000 1.000000
6.406406 0.000000 1.000000
6.506507 0.000000 1.000000
6.606607 0.000000 1.000000
6.706707 0.000000 1.000000
6.806807 0.000000 1.000000
6.906907 0.000000 1.000000
7.007007 0.000000 1.000000
7.107107 0.000000 1.000000
7.207207 0.000000 1.000000
7.307307 0.000000 1.000000
7.407407 0.000000 1.000000
7.507508 0.000000 1.000000
7.607608 0.000000 1.000000
7.707708 0.000000 1.000000
7.807808 0.000000 1.000000
7.907908 0.000000 1.000000
8.008008 0.000000 1.000000
8.108108 0.000000 1.000000
8.208208 0.000000 1.000000
8.308308 0.000000 1.000000
8.408408 0.000000 1.000000
8.508509 0.000000 1.000000
8.608609 0.000000 1.000000
8.708709 0.000000 1.000000
8.808809 0.000000 1.000000
8.908909 0.000000 1.000000
9.009009 0.000000 1.000000
9.109109 0.000000 1.000000
9.209209 0.000000 1.000000
9.309309 0.000000 1.000000
9.409409 0.000000 1.000000
9.509510 0.000000 1.000000
9.609610 0.000000 1.000000
9.709710 0.000000 1.000000
9.809810 0.000000 1.000000
9.909910 0.000000 1.000000
10.010010 0.000000 1.000000
10.110110 0.000000 1.000000
10.210210 0.000000 1.000000
10.310310 0.000000 1.000000
10.410410 0.000000 1.000000
10.510511 0.000000 1.000000
10.610611 0.000000 1.000000
10.710711 0.000000 1.000000
10.810811 0.000000 1.000000
10.910911 0.000000 1.000000
11.011011 0.000000 1.000000
11.111111 0.000000 1.000000
11.211211 0.000000 1.000000
11.311311 0.000000 1.000000
11.411411 0.000000 1.000000
11.511512 0.000000 1.000000
11.611612 0.000000 1.000000
11.711712 0.000000 1.000000
11.811812 0.000000 1.000000
11.911912 0.000000 1.000000
12.012012 0.000000 1.000000
12.112112 0.000000 1.000000
12.212212 0.000000 1.000000
12.312312 0.000000 1.000000
12.412412 0.000000 1.000000
12.512513 0.000000 1.000000
12.612613 0.000000 1.000000
12.712713 0.000000 1.000000
12.812813 0.000000 1.000000
12.912913 0.000000 1.000000
13.013013 0.000000 1.000000
13.113113 0.000000 1.000000
13.213213 0.000000 1.000000
13.313313 0.000000 1.000000
13.413413 0.000000 1.000000
13.513514 0.000000 1.000000
13.613614 0.000000 1.000000
13.713714 0.000000 1.000000
13.813814 0.000000 1.000000
13.913914 0.000000 1.000000
14.014014 0.000000 1.000000
14.114114 0.000000 1.000000
14.214214 0.000000 1.000000
14.314314 0.000000 1.000000
14.414414 0.000000 1.000000
14.514515 0.000000 1.000000
14.614615 0.000000 1.000000
14.714715 0.000000 1.000000
14.814815 0.000000 1.000000
14.914915 0.000000 1.000000
15.015015 0.000000 1.000000
15.115115 0.000000 1.000000
15.215215 0.000000 1.000000
15.315315 0.000000 1.000000
15.415415 0.000000 1.000000
15.515516 0.000000 1.000000
15.615616 0.000000 1.000000
15.715716 0.000000 1.000000
15.815816 0.000000 1.000000
15.915916 0.000000 1.000000
16.016016 0.000000 1.000000
16.116116 0.000000 1.000000
16.216216 0.000000 1.000000
16.316316 0.000000 1.000000
16.416416 0.000000 1.000000
16.516517 0.000000 1.000000
16.616617 0.000000 1.000000
16.716717 0.000000 1.000000
16.816817 0.000000 1.000000
16.916917 0.000000 1.000000
17.017017 0.000000 1.000000
17.117117 0.000000 1.000000
17.217217 0.000000 1.000000
17.317317 0.000000 1.000000
17.417417 0.000000 1.000000
17.517518 0.000000 1.000000
17.617618 0.000000 1.000000
17.717718 0.000000 1.000000
17.817818 0.000000 1.000000
17.917918 0.000000 1.000000
18.018018 0.000000 1.000000
18.118118 0.000000 1.000000
18.218218 0.000000 1.000000
18.318318 0.000000 1.000000
18.418418 0.000000 1.000000
18.518519 0.000000 1.000000
18.618619 0.000000 1.000000
18.718719 0.000000 1.000000
18.818819 0.000000 1.000000
18.918919 0.000000 1.000000
19.019019 0.000000 1.000000
19.119119 0.000000 1.000000
19.219219 0.000000 1.000000
19.319319 0.000000 1.000000
19.419419 0.000000 1.000000
19.519520 0.000000 1.000000
19.619620 0.000000 1.000000
19.719720 0.000000 1.000000
19.819820 0.000000 1.000000
19.919920 0.000000 1.000000
20.020020 0.000000 1.000000
20.120120 0.000000 1.000000
20.220220 0.000000 1.000000
20.320320 0.000000 1.000000
20.420420 0.000000 1.000000
20.520521 0.000000 1.000000
20.620621 0.000000 1.000000
20.720721 0.000000 1.000000
20.820821 0.000000 1.000000
20.920921 0.000000 1.000000
21.021021 0.000000 1.000000
21.121121 0.000000 1.000000
21.221221 0.000000 1.000000
21.321321 0.000000 1.000000
21.421421 0.000000 1.000000
21.521522 0.000000 1.000000
21.621622 0.000000 1.000000
21.721722 0.000000 1.000000
21.821822 0.000000 1.000000
21.921922 0.000000 1.000000
22.022022 0.000000 1.000000
22.122122 0.000000 1.000000
22.222222 0.000000 1.000000
22.322322 0.000000 1.000000
22.422422 0.000000 1.000000
22.522523 0.000000 1.000000
22.622623 0.000000 1.000000
22.722723 0.000000 1.000000
22.822823 0.000000 1.000000
22.922923 0.000000 1.000000
23.023023 0.000000 1.000000
23.123123 0.000000 1.000000
23.223223 0.000000 1.000000
23.323323 0.000000 1.000000
23.423423 0.000000 1.000000
23.523524 0.000000 1.000000
23.623624 0.000000 1.000000
23.723724 0.000000 1.000000
23.823824 0.000000 1.000000
23.923924 0.000000 1.000000
24.024024 0.000000 1.000000
24.124124 0.000000 1.000000
24.224224 0.000000 1.000000
24.324324 0.000000 1.000000
24.424424 0.000000 1.000000
24.524525 0.000000 1.000000
24.624625 0.000000 1.000000
24.724725 0.000000 1.000000
24.824825 0.000000 1.000000
24.924925 0.000000 1.000000
25.025025 0.000000 1.000000
25.125125 0.000000 1.000000
25.225225 0.000000 1.000000
25.325325 0.000000 1.000000
25.425425 0.000000 1.000000
25.525526 0.000000 1.000000
25.625626 0.000000 1.000000
25.725726 0.000000 1.000000
25.825826 0.000000 1.000000
25.925926 0.000000 1.000000
26.026026 0.000000 1.000000
26.126126 0.000000 1.000000
26.226226 0.000000 1.000000
26.326326 0.000000 1.000000
26.426426 0.000000 1.000000
26.526527 0.000000 1.000000
26.626627 0.000000 1.000000
26.726727 0.000000 1.000000
26.826827 0.000000 1.000000
26.926927 0.000000 1.000000
27.027027 0.000000 1.000000
27.127127 0.000000 1.000000
27.227227 0.000000 1.000000
27.327327 0.000000 1.000000
27.427427 0.000000 1.000000
27.527528 0.000000 1.000000
27.627628 0.000000 1.000000
27.727728 0.000000 1.000000
27.827828 0.000000 1.000000
27.927928 0.000000 1.000000
28.028028 0.000000 1.000000
28.128128 0.000000 1.000000
28.228228 0.000000 1.000000
28.328328 0.000000 1.000000
28.428428 0.000000 1.000000
28.528529 0.000000 1.000000
28.628629 0.000000 1.000000
28.728729 0.000000 1.000000
28.828829 0.000000 1.000000
28.928929 0.000000 1.000000
29.029029 0.000000 1.000000
29.129129 0.000000 1.000000
29.229229 0.000000 1.000000
29.329329 0.000000 1.000000
29.429429 0.000000 1.000000
29.529530 0.000000 1.000000
29.629630 0.000000 1.000000
29.729730 0.000000 1.000000
29.829830 0.000000 1.000000
29.929930 0.000000 1.000000
30.030030 0.000000 1.000000
30.130130 0.000000 1.000000
30.230230 0.000000 1.000000
30.330330 0.000000 1.000000
30.430430 0.000000 1.000000
30.530531 0.000000 1.000000
30.630631 0.000000 1.000000
30.730731 0.000000 1.000000
30.830831 0.000000 1.000000
30.930931 0.000000 1.000000
31.031031 0.000000 1.000000
31.131131 0.000000 1.000000
31.231231 0.000000 1.000000
31.331331 0.000000 1.000000
31.431431 0.000000 1.000000
31.531532 0.000000 1.000000
31.631632 0.000000 1.000000
31.731732 0.000000 1.000000
31.831832 0.000000 1.000000
31.931932 0.000000 1.000000
32.032032 0.000000 1.000000
32.132132 0.000000 1.000000
32.232232 0.000000 1.000000
32.332332 0.000000 1.000000
32.432432 0.000000 1.000000
32.532533 0.000000 1.000000
32.632633 0.000000 1.000000
32.732733 0.000000 1.000000
32.832833 0.000000 1.000000
32.932933 0.000000 1.000000
33.033033 0.000000 1.000000
33.133133 0.000000 1.000000
33.233233 0.000000 1.000000
33.333333 0.000000 1.000000
33.433433 0.000000 1.000000
33.533534 0.000000 1.000000
33.633634 0.000000 1.000000
33.733734 0.000000 1.000000
33.833834 0.000000 1.000000
33.933934 0.000000 1.000000
34.034034 0.000000 1.000000
34.134134 0.000000 1.000000
34.234234 0.000000 1.000000
34.334334 0.000000 1.000000
34.434434 0.000000 1.000000
34.534535 0.000000 1.000000
34.634635 0.000000 1.000000
34.734735 0.000000 1.000000
34.834835 0.000000 1.000000
34.934935 0.000000 1.000000
35.035035 0.000000 1.000000
35.135135 0.000000 1.000000
35.235235 0.000000 1.000000
35.335335 0.000000 1.000000
35.435435 0.000000 1.000000
35.535536 0.000000 1.000000
35.635636 0.000000 1.000000
35.735736 0.000000 1.000000
35.835836 0.000000 1.000000
35.935936 0.000000 1.000000
36.036036 0.000000 1.000000
36.136136 0.000000 1.000000
36.236236 0.000000 1.000000
36.336336 0.000000 1.000000
36.436436 0.000000 1.000000
36.536537 0.000000 1.000000
36.636637 0.000000 1.000000
36.736737 0.000000 1.000000
36.836837 0.000001 1.000000
36.936937 0.000001 1.000000
37.037037 0.000001 1.000000
37.137137 0.000001 1.000001
37.237237 0.000001 1.000001
37.337337 0.000002 1.000001
37.437437 0.000002 1.000001
37.537538 0.000003 1.000001
37.637638 0.000003 1.000002
37.737738 0.000004 1.000002
37.837838 0.000005 1.000003
37.937938 0.000007 1.000003
38.038038 0.000008 1.000004
38.138138 0.000010 1.000005
38.238238 0.000012 1.000006
38.338338 0.000015 1.000007
38.438438 0.000018 1.000009
38.538539 0.000022 1.000011
38.638639 0.000027 1.000013
38.738739 0.000033 1.000016
38.838839 0.000040 1.000020
38.938939 0.000048 1.000024
39.039039 0.000059 1.000029
39.139139 0.000071 1.000036
39.239239 0.000086 1.000043
39.339339 0.000104 1.000052
39.439439 0.000125 1.000062
39.539540 0.000150 1.000075
39.639640 0.000181 1.000090
39.739740 0.000217 1.000108
39.839840 0.000260 1.000130
39.939940 0.000311 1.000155
40.040040 0.000371 1.000185
40.140140 0.000442 1.000221
40.240240 0.000527 1.000263
40.340340 0.000627 1.000313
40.440440 0.000744 1.000372
40.540541 0.000882 1.000441
40.640641 0.001044 1.000522
40.740741 0.001234 1.000617
40.840841 0.001457 1.000728
40.940941 0.001717 1.000858
41.041041 0.002021 1.001010
41.141141 0.002374 1.001186
41.241241 0.002786 1.001392
41.341341 0.003264 1.001631
41.441441 0.003818 1.001907
41.541542 0.004460 1.002228
41.641642 0.005203 1.002598
41.741742 0.006059 1.003025
41.841842 0.007047 1.003517
41.941942 0.008183 1.004083
42.042042 0.009488 1.004733
42.142142 0.010985 1.005477
42.242242 0.012699 1.006330
42.342342 0.014659 1.007303
42.442442 0.016897 1.008413
42.542543 0.019448 1.009677
42.642643 0.022350 1.011113
42.742743 0.025647 1.012742
42.842843 0.029387 1.014587
42.942943 0.033623 1.016672
43.043043 0.038412 1.019025
43.143143 0.043818 1.021674
43.243243 0.049911 1.024652
43.343343 0.056767 1.027992
43.443443 0.064470 1.031731
43.543544 0.073108 1.035909
43.643644 0.082782 1.040568
43.743744 0.093597 1.045752
43.843844 0.105667 1.051507
43.943944 0.119118 1.057884
44.044044 0.134081 1.064933
44.144144 0.150701 1.072707
44.244244 0.169130 1.081263
44.344344 0.189532 1.090656
44.444444 0.212079 1.100945
44.544545 0.236957 1.112186
44.644645 0.264362 1.124438
44.744745 0.294499 1.137760
44.844845 0.327585 1.152209
44.944945 0.363849 1.167839
45.045045 0.403528 1.184706
45.145145 0.446872 1.202860
45.245245 0.494138 1.222349
45.345345 0.545594 1.243219
45.445445 0.601515 1.265510
45.545546 0.662187 1.289258
45.645646 0.727898 1.314495
45.745746 0.798945 1.341247
45.845846 0.875627 1.369535
45.945946 0.958249 1.399374
46.046046 1.047113 1.430774
46.146146 1.142524 1.463736
46.246246 1.244783 1.498260
46.346346 1.354186 1.534336
46.446446 1.471025 1.571949
46.546547 1.595579 1.611080
46.646647 1.728118 1.651702
46.746747 1.868898 1.693782
46.846847 2.018155 1.737284
46.946947 2.176111 1.782165
47.047047 2.342959 1.828376
47.147147 2.518871 1.875865
47.247247 2.703989 1.924575
47.347347 2.898423 1.974443
47.447447 3.102251 2.025402
47.547548 3.315512 2.077381
47.647648 3.538205 2.130306
47.747748 3.770289 2.184099
47.847848 4.011675 2.238677
47.947948 4.262230 2.293955
48.048048 4.521771 2.349845
48.148148 4.790065 2.406255
48.248248 5.066825 2.463092
48.348348 5.351713 2.520261
48.448448 5.644339 2.577661
48.548549 5.944256 2.635196
48.648649 6.250966 2.692762
48.748749 6.563917 2.750258
48.848849 6.882509 2.807581
48.948949 7.206089 2.864627
49.049049 7.533958 2.921294
49.149149 7.865374 2.977478
49.249249 8.199555 3.033077
49.349349 8.535682 3.087990
49.449449 8.872904 3.142118
49.549550 9.210345 3.195363
49.649650 9.547109 3.247631
49.749750 9.882285 3.298831
49.849850 10.214958 3.348874
49.949950 10.544211 3.397677
50.050050 10.869137 3.445161
50.150150 11.188848 3.491253
50.250250 11.502480 3.535885
50.350350 11.809206 3.578995
50.450450 12.108242 3.620531
50.550551 12.398860 3.660445
50.650651 12.680396 3.698702
50.750751 12.952259 3.735272
50.850851 13.213945 3.770139
50.950951 13.465039 3.803293
51.051051 13.705234 3.834740
51.151151 13.934334 3.864497
51.251251 14.152265 3.892591
51.351351 14.359083 3.919067
51.451451 14.554984 3.943981
51.551552 14.740311 3.967406
51.651652 14.915558 3.989431
51.751752 15.081380 4.010160
51.851852 15.238597 4.029714
51.951952 15.388200 4.048234
52.052052 15.531348 4.065876
52.152152 15.669380 4.082815
52.252252 15.803810 4.099245
52.352352 15.936326 4.115377
52.452452 16.068795 4.131440
52.552553 16.203254 4.147680
52.652653 16.341908 4.164362
52.752753 16.487127 4.181761
52.852853 16.641437 4.200171
52.952953 16.807510 4.219895
53.053053 16.988159 4.241245
53.153153 17.186320 4.264542
53.253253 17.405046 4.290110
53.353353 17.647486 4.318274
53.453453 17.916874 4.349353
53.553554 18.216507 4.383664
53.653654 18.549732 4.421508
53.753754 18.919918 4.463174
53.853854 19.330440 4.508929
53.953954 19.784654 4.559019
54.054054 20.285874 4.613662
54.154154 20.837343 4.673044
54.254254 21.442211 4.737321
54.354354 22.103507 4.806611
54.454454 22.824110 4.880995
54.554555 23.606723 4.960516
54.654655 24.453843 5.045180
54.754755 25.367731 5.134952
54.854855 26.350390 5.229760
54.954955 27.403529 5.329496
55.055055 28.528544 5.434017
55.155155 29.726484 5.543147
55.255255 30.998031 5.656680
55.355355 32.343475 5.774381
55.455455 33.762689 5.895989
55.555556 35.255115 6.021222
55.655656 36.819739 6.149776
55.755756 38.455081 6.281328
55.855856 40.159179 6.415542
55.955956 41.929582 6.552067
56.056056 43.763340 6.690541
56.156156 45.657006 6.830593
56.256256 47.606631 6.971846
56.356356 49.607772 7.113914
56.456456 51.655500 7.256411
56.556557 53.744413 7.398947
56.656657 55.868648 7.541130
56.756757 58.021908 7.682572
56.856857 60.197481 7.822882
56.956957 62.388275 7.961675
57.057057 64.586842 8.098570
57.157157 66.785425 8.233190
57.257257 68.975988 8.365165
57.357357 71.150267 8.494131
57.457457 73.299812 8.619734
57.557558 75.416039 8.741627
57.657658 77.490280 8.859474
57.757758 79.513839 8.972950
57.857858 81.478044 9.081742
57.957958 83.374306 9.185549
58.058058 85.194176 9.284082
58.158158 86.929400 9.377068
58.258258 88.571978 9.464247
58.358358 90.114220 9.545377
58.458458 91.548797 9.620229
58.558559 92.868799 9.688591
58.658659 94.067778 9.750271
58.758759 95.139801 9.805091
58.858859 96.079490 9.852892
58.958959 96.882063 9.893536
59.059059 97.543367 9.926901
59.159159 98.059911 9.952885
59.259259 98.428890 9.971404
59.359359 98.648206 9.982395
59.459459 98.716483 9.985814
59.559560 98.633075 9.981637
59.659660 98.398069 9.969858
59.759760 98.012286 9.950492
59.859860 97.477270 9.923571
59.959960 96.795275 9.889149
60.060060 95.969246 9.847296
60.160160 95.002796 9.798102
60.260260 93.900177 9.741672
60.360360 92.666242 9.678132
60.460460 91.306411 9.607623
60.560561 89.826630 9.530301
60.660661 88.233320 9.446339
60.760761 86.533335 9.355925
60.860861 84.733905 9.259260
60.960961 82.842588 9.156560
61.061061 80.867214 9.048050
61.161161 78.815829 8.933970
61.261261 76.696639 8.814570
61.361361 74.517959 8.690107
61.461461 72.288152 8.560850
61.561562 70.015581 8.427074
61.661662 67.708552 8.289062
61.761762 65.375270 8.147102
61.861862 63.023785 8.001486
61.961962 60.661955 7.852513
62.062062 58.297395 7.700480
62.162162 55.937448 7.545691
62.262262 53.589146 7.388447
62.362362 51.259179 7.229051
62.462462 48.953868 7.067805
62.562563 46.679145 6.905009
62.662663 44.440531 6.740959
62.762763 42.243122 6.575950
62.862863 40.091579 6.410271
62.962963 37.990120 6.244207
63.063063 35.942518 6.078036
63.163163 33.952099 5.912030
63.263263 32.021748 5.746455
63.363363 30.153914 5.581569
63.463463 28.350621 5.417621
63.563564 26.613481 5.254853
63.663664 24.943707 5.093497
63.763764 23.342131 4.933774
63.863864 21.809222 4.775900
63.963964 20.345108 4.620077
64.064064 18.949598 4.466497
64.164164 17.622201 4.315345
64.264264 16.362152 4.166792
64.364364 15.168437 4.021000
64.464464 14.039814 3.878120
64.564565 12.974840 3.738294
64.664665 11.971892 3.601651
64.764765 11.029191 3.468312
64.864865 10.144827 3.338387
64.964965 9.316778 3.211974
65.065065 8.542931 3.089164
65.165165 7.821106 2.970035
65.265265 7.149070 2.854658
65.365365 6.524557 2.743093
65.465465 5.945284 2.635391
65.565566 5.408966 2.531593
65.665666 4.913330 2.431734
65.765766 4.456129 2.335836
65.865866 4.035150 2.243914
65.965966 3.648225 2.155974
66.066066 3.293242 2.072014
66.166166 2.968150 1.992021
66.266266 2.670964 1.915976
66.366366 2.399774 1.843847
66.466466 2.152745 1.775597
66.566567 1.928124 1.711176
66.666667 1.724239 1.650527
66.766767 1.539502 1.593581
66.866867 1.372407 1.540262
66.966967 1.221534 1.490481
67.067067 1.085546 1.444142
67.167167 0.963188 1.401138
67.267267 0.853285 1.361354
67.367367 0.754740 1.324666
67.467467 0.666531 1.290942
67.567568 0.587710 1.260044
67.667668 0.517400 1.231828
67.767768 0.454789 1.206146
67.867868 0.399129 1.182848
67.967968 0.349733 1.161780
68.068068 0.305971 1.142791
68.168168 0.267266 1.125729
68.268268 0.233092 1.110447
68.368368 0.202970 1.096800
68.468468 0.176464 1.084649
68.568569 0.153179 1.073862
68.668669 0.132759 1.064311
68.768769 0.114881 1.055879
68.868869 0.099255 1.048453
68.968969 0.085620 1.041931
69.069069 0.073743 1.036216
69.169169 0.063414 1.031220
69.269269 0.054446 1.026862
69.369369 0.046674 1.023071
69.469469 0.039948 1.019778
69.569570 0.034138 1.016926
69.669670 0.029128 1.014459
69.769770 0.024814 1.012331
69.869870 0.021105 1.010498
69.969970 0.017923 1.008922
70.070070 0.015197 1.007570
70.170170 0.012866 1.006412
70.270270 0.010875 1.005423
70.370370 0.009177 1.004578
70.470470 0.007733 1.003859
70.570571 0.006506 1.003248
70.670671 0.005465 1.002729
70.770771 0.004583 1.002289
70.870871 0.003837 1.001917
70.970971 0.003208 1.001603
71.071071 0.002678 1.001338
71.171171 0.002232 1.001115
71.271271 0.001857 1.000928
71.371371 0.001543 1.000771
71.471471 0.001280 1.000640
71.571572 0.001060 1.000530
71.671672 0.000877 1.000438
71.771772 0.000724 1.000362
71.871872 0.000597 1.000298
71.971972 0.000491 1.000245
72.072072 0.000404 1.000202
72.172172 0.000331 1.000166
72.272272 0.000271 1.000136
72.372372 0.000222 1.000111
72.472472 0.000181 1.000091
72.572573 0.000148 1.000074
72.672673 0.000120 1.000060
72.772773 0.000098 1.000049
72.872873 0.000079 1.000040
72.972973 0.000064 1.000032
73.073073 0.000052 1.000026
73.173173 0.000042 1.000021
73.273273 0.000034 1.000017
73.373373 0.000027 1.000014
73.473473 0.000022 1.000011
73.573574 0.000018 1.000009
73.673674 0.000014 1.000007
73.773774 0.000011 1.000006
73.873874 0.000009 1.000005
73.973974 0.000007 1.000004
74.074074 0.000006 1.000003
74.174174 0.000005 1.000002
74.274274 0.000004 1.000002
74.374374 0.000003 1.000001
74.474474 0.000002 1.000001
74.574575 0.000002 1.000001
74.674675 0.000001 1.000001
74.774775 0.000001 1.000001
74.874875 0.000001 1.000000
74.974975 0.000001 1.000000
75.075075 0.000001 1.000000
75.175175 0.000000 1.000000
75.275275 0.000000 1.000000
75.375375 0.000000 1.000000
75.475475 0.000000 1.000000
75.575576 0.000000 1.000000
75.675676 0.000000 1.000000
75.775776 0.000000 1.000000
75.875876 0.000000 1.000000
75.975976 0.000000 1.000000
76.076076 0.000000 1.000000
76.176176 0.000000 1.000000
76.276276 0.000000 1.000000
76.376376 0.000000 1.000000
76.476476 0.000000 1.000000
76.576577 0.000001 1.000000
76.676677 0.000001 1.000000
76.776777 0.000001 1.000001
76.876877 0.000002 1.000001
76.976977 0.000002 1.000001
77.077077 0.000003 1.000001
77.177177 0.000004 1.000002
77.277277 0.000005 1.000002
77.377377 0.000006 1.000003
77.477477 0.000009 1.000004
77.577578 0.000011 1.000006
77.677678 0.000015 1.000007
77.777778 0.000020 1.000010
77.877878 0.000026 1.000013
77.977978 0.000034 1.000017
78.078078 0.000044 1.000022
78.178178 0.000057 1.000028
78.278278 0.000074 1.000037
78.378378 0.000095 1.000048
78.478478 0.000123 1.000061
78.578579 0.000158 1.000079
78.678679 0.000203 1.000101
78.778779 0.000259 1.000130
78.878879 0.000331 1.000165
78.978979 0.000421 1.000210
79.079079 0.000534 1.000267
79.179179 0.000676 1.000338
79.279279 0.000853 1.000426
79.379379 0.001074 1.000537
79.479479 0.001348 1.000674
79.579580 0.001688 1.000843
79.679680 0.002107 1.001053
79.779780 0.002624 1.001311
79.879880 0.003259 1.001628
79.979980 0.004036 1.002016
80.080080 0.004986 1.002490
80.180180 0.006142 1.003066
80.280280 0.007546 1.003766
80.380380 0.009246 1.004613
80.480480 0.011299 1.005634
80.580581 0.013771 1.006862
80.680681 0.016739 1.008335
80.780781 0.020291 1.010095
80.880881 0.024531 1.012191
80.980981 0.029578 1.014681
81.081081 0.035567 1.017628
81.181181 0.042654 1.021104
81.281281 0.051017 1.025191
81.381381 0.060855 1.029978
81.481481 0.072395 1.035565
81.581582 0.085892 1.042062
81.681682 0.101633 1.049587
81.781782 0.119936 1.058270
81.881882 0.141155 1.068248
81.981982 0.165682 1.079667
82.082082 0.193949 1.092680
82.182182 0.226430 1.107443
82.282282 0.263640 1.124118
82.382382 0.306142 1.142866
82.482482 0.354543 1.163848
82.582583 0.409493 1.187221
82.682683 0.471691 1.213133
82.782783 0.541878 1.241724
82.882883 0.620838 1.273121
82.982983 0.709396 1.307439
83.083083 0.808410 1.344771
83.183183 0.918772 1.385198
83.283283 1.041399 1.428775
83.383383 1.177225 1.475542
83.483483 1.327196 1.525515
83.583584 1.492256 1.578688
83.683684 1.673343 1.635036
83.783784 1.871369 1.694512
83.883884 2.087215 1.757047
83.983984 2.321709 1.822556
84.084084 2.575618 1.890931
84.184184 2.849629 1.962047
84.284284 3.144330 2.035763
84.384384 3.460199 2.111918
84.484484 3.797580 2.190338
84.584585 4.156674 2.270831
84.684685 4.537515 2.353192
84.784785 4.939957 2.437203
84.884885 5.363661 2.522630
84.984985 5.808080 2.609230
85.085085 6.272445 2.696747
85.185185 6.755759 2.784916
85.285285 7.256790 2.873463
85.385385 7.774062 2.962104
85.485485 8.305858 3.050550
85.585586 8.850220 3.138506
85.685686 9.404954 3.225671
85.785786 9.967640 3.311743
85.885886 10.535643 3.396416
85.985986 11.106132 3.479387
86.086086 11.676096 3.560351
86.186186 12.242371 3.639007
86.286286 12.801666 3.715059
86.386386 13.350591 3.788217
86.486486 13.885692 3.858198
86.586587 14.403487 3.924728
86.686687 14.900499 3.987543
86.786787 15.373297 4.046393
86.886887 15.818536 4.101041
86.986987 16.232993 4.151264
87.087087 16.613609 4.196857
87.187187 16.957523 4.237632
87.287287 17.262111 4.273419
87.387387 17.525017 4.304070
87.487487 17.744185 4.329456
87.587588 17.917884 4.349469
87.687688 18.044731 4.364027
87.787788 18.123713 4.373067
87.887888 18.154196 4.376551
87.987988 18.135932 4.374464
88.088088 18.069071 4.366815
88.188188 17.954148 4.353636
88.288288 17.792085 4.334984
88.388388 17.584172 4.310936
88.488488 17.332056 4.281595
88.588589 17.037713 4.247083
88.688689 16.703426 4.207544
88.788789 16.331755 4.163142
88.888889 15.925506 4.114062
88.988989 15.487690 4.060504
89.089089 15.021494 4.002686
89.189189 14.530236 3.940842
89.289289 14.017329 3.875220
89.389389 13.486241 3.806079
89.489489 12.940457 3.733692
89.589590 12.383442 3.658339
89.689690 11.818604 3.580308
89.789790 11.249262 3.499895
89.889890 10.678616 3.417399
89.989990 10.109715 3.333124
90.090090 9.545440 3.247374
90.190190 8.988476 3.160455
90.290290 8.441297 3.072669
90.390390 7.906156 2.984318
90.490490 7.385070 2.895699
90.590591 6.879818 2.807101
90.690691 6.391934 2.718811
90.790791 5.922713 2.631105
90.890891 5.473211 2.544251
90.990991 5.044251 2.458506
91.091091 4.636436 2.374118
91.191191 4.250156 2.291322
91.291291 3.885605 2.210340
91.391391 3.542789 2.131382
91.491491 3.221552 2.054642
91.591592 2.921581 1.980298
91.691692 2.642433 1.908516
91.791792 2.383542 1.839441
91.891892 2.144247 1.773203
91.991992 1.923800 1.709912
92.092092 1.721385 1.649662
92.192192 1.536135 1.592525
92.292292 1.367142 1.538552
92.392392 1.213475 1.487775
92.492492 1.074190 1.440205
92.592593 0.948341 1.395830
92.692693 0.834990 1.354618
92.792793 0.733214 1.316516
92.892893 0.642115 1.281451
92.992993 0.560827 1.249331
93.093093 0.488514 1.220047
93.193193 0.424384 1.193476
93.293293 0.367683 1.169480
93.393393 0.317703 1.147913
93.493493 0.273781 1.128619
93.593594 0.235297 1.111439
93.693694 0.201680 1.096212
93.793794 0.172403 1.082775
93.893894 0.146980 1.070971
93.993994 0.124969 1.060646
94.094094 0.105970 1.051651
94.194194 0.089618 1.043848
94.294294 0.075586 1.037104
94.394394 0.063580 1.031300
94.494494 0.053337 1.026322
94.594595 0.044625 1.022069
94.694695 0.037235 1.018447
94.794795 0.030986 1.015375
94.894895 0.025716 1.012776
94.994995 0.021285 1.010587
95.095095 0.017571 1.008747
95.195195 0.014466 1.007207
95.295295 0.011877 1.005921
95.395395 0.009726 1.004851
95.495495 0.007943 1.003963
95.595596 0.006469 1.003229
95.695696 0.005255 1.002624
95.795796 0.004257 1.002126
95.895896 0.003439 1.001718
95.995996 0.002771 1.001385
96.096096 0.002227 1.001113
96.196196 0.001785 1.000892
96.296296 0.001427 1.000713
96.396396 0.001137 1.000568
96.496496 0.000904 1.000452
96.596597 0.000717 1.000358
96.696697 0.000567 1.000283
96.796797 0.000447 1.000223
96.896897 0.000352 1.000176
96.996997 0.000276 1.000138
97.097097 0.000216 1.000108
97.197197 0.000168 1.000084
97.297297 0.000131 1.000065
97.397397 0.000102 1.000051
97.497497 0.000079 1.000039
97.597598 0.000061 1.000030
97.697698 0.000047 1.000023
97.797798 0.000036 1.000018
97.897898 0.000027 1.000014
97.997998 0.000021 1.000010
98.098098 0.000016 1.000008
98.198198 0.000012 1.000006
98.298298 0.000009 1.000005
98.398398 0.000007 1.000003
98.498498 0.000005 1.000003
98.598599 0.000004 1.000002
98.698699 0.000003 1.000001
98.798799 0.000002 1.000001
98.898899 0.000002 1.000001
98.998999 0.000001 1.000001
99.099099 0.000001 1.000000
99.199199 0.000001 1.000000
99.299299 0.000000 1.000000
99.399399 0.000000 1.000000
99.499499 0.000000 1.000000
99.599600 0.000000 1.000000
99.699700 0.000000 1.000000
99.799800 0.000000 1.000000
99.899900 0.000000 1.000000
100.000000 0.000000 1.000000
