0.000000 6.217008 3.004096
0.100100 14.128085 3.072088
0.200200 8.826215 3.141435
0.300300 5.920315 3.212138
0.400400 12.487329 3.284194
0.500501 6.174393 3.357604
0.600601 11.498015 3.432363
0.700701 4.433925 3.508471
0.800801 7.096077 3.585924
0.900901 13.151594 3.664717
1.001001 15.789324 3.744847
1.101101 14.296340 3.826308
1.201201 13.828937 3.909094
1.301301 13.743273 3.993199
1.401401 9.604786 4.078616
1.501502 13.351639 4.165337
1.601602 15.131758 4.253354
1.701702 22.449386 4.342657
1.801802 20.176925 4.433236
1.901902 11.498466 4.525082
2.002002 21.824289 4.618183
2.102102 19.393192 4.712526
2.202202 18.863115 4.808100
2.302302 26.058155 4.904890
2.402402 29.186816 5.002884
2.502503 29.782517 5.102065
2.602603 21.699194 5.202418
2.702703 25.491606 5.303927
2.802803 30.022059 5.406575
2.902903 34.739485 5.510344
3.003003 27.839981 5.615216
3.103103 30.669599 5.721170
3.203203 26.519836 5.828187
3.303303 27.138039 5.936246
3.403403 40.457940 6.045325
3.503504 45.237181 6.155402
3.603604 37.817198 6.266454
3.703704 46.085698 6.378456
3.803804 43.485596 6.491385
3.903904 38.367695 6.605214
4.004004 46.585830 6.719917
4.104104 56.236807 6.835467
4.204204 47.078975 6.951837
4.304304 60.031178 7.068997
4.404404 31.823904 7.186919
4.504505 58.375846 7.305572
4.604605 54.775832 7.424925
4.704705 53.670238 7.544948
4.804805 58.464921 7.665606
4.904905 44.158379 7.786868
5.005005 59.810207 7.908699
5.105105 66.366002 8.031065
5.205205 77.537220 8.153930
5.305305 63.223142 8.277258
5.405405 62.784833 8.401012
5.505506 67.400688 8.525154
5.605606 81.734267 8.649645
5.705706 78.875537 8.774447
5.805806 73.486847 8.899520
5.905906 85.079569 9.024823
6.006006 83.616522 9.150313
6.106106 94.028350 9.275950
6.206206 80.791285 9.401690
6.306306 86.651249 9.527489
6.406406 88.401123 9.653303
6.506507 80.318705 9.779087
6.606607 100.037975 9.904795
6.706707 102.227010 10.030380
6.806807 102.192111 10.155795
6.906907 102.287020 10.280993
7.007007 92.554996 10.405923
7.107107 105.462598 10.530537
7.207207 108.872909 10.654786
7.307307 106.531146 10.778617
7.407407 116.094837 10.901980
7.507508 125.001309 11.024823
7.607608 144.283166 11.147093
7.707708 127.951693 11.268736
7.807808 131.658692 11.389700
7.907908 130.621609 11.509929
8.008008 111.928135 11.629369
8.108108 136.703190 11.747965
8.208208 140.508537 11.865659
8.308308 172.093366 11.982396
8.408408 143.037292 12.098120
8.508509 151.834518 12.212772
8.608609 150.509669 12.326295
8.708709 139.182777 12.438631
8.808809 170.837616 12.549721
8.908909 168.782259 12.659509
9.009009 172.119960 12.767933
9.109109 153.055680 12.874936
9.209209 185.701231 12.980459
9.309309 151.860188 13.084442
9.409409 180.631178 13.186827
9.509510 204.664864 13.287553
9.609610 164.940187 13.386563
9.709710 173.176932 13.483797
9.809810 184.747759 13.579196
9.909910 179.058938 13.672703
10.010010 167.111094 13.764259
10.110110 191.877812 13.853806
10.210210 178.549635 13.941288
10.310310 202.389757 14.026648
10.410410 185.114345 14.109829
10.510511 222.372892 14.190776
10.610611 191.440189 14.269435
10.710711 200.180377 14.345752
10.810811 218.657639 14.419674
10.910911 191.156751 14.491149
11.011011 214.309115 14.560126
11.111111 232.055139 14.626556
11.211211 191.193011 14.690390
11.311311 219.332798 14.751581
11.411411 222.187469 14.810084
11.511512 231.616048 14.865853
11.611612 203.118088 14.918846
11.711712 203.305664 14.969022
11.811812 232.328125 15.016340
11.911912 230.299424 15.060764
12.012012 230.861158 15.102256
12.112112 233.488831 15.140784
12.212212 219.000223 15.176314
12.312312 233.840366 15.208815
12.412412 235.670508 15.238261
12.512513 221.104441 15.264624
12.612613 261.243037 15.287881
12.712713 240.588588 15.308009
12.812813 215.598607 15.324990
12.912913 244.349713 15.338806
13.013013 219.644540 15.349442
13.113113 246.921084 15.356885
13.213213 252.761515 15.361126
13.313313 222.388389 15.362156
13.413413 249.726134 15.359971
13.513514 241.100809 15.354567
13.613614 247.113321 15.345945
13.713714 263.220447 15.334106
13.813814 229.914367 15.319056
13.913914 221.581755 15.300801
14.014014 218.867388 15.279352
14.114114 219.261518 15.254720
14.214214 229.685069 15.226920
14.314314 235.101623 15.195969
14.414414 233.078004 15.161888
14.514515 240.267378 15.124698
14.614615 226.735943 15.084423
14.714715 247.097146 15.041091
14.814815 219.873469 14.994730
14.914915 263.018096 14.945372
15.015015 230.121085 14.893052
15.115115 206.442091 14.837804
15.215215 201.611133 14.779667
15.315315 222.740970 14.718682
15.415415 210.491024 14.654892
15.515516 222.235732 14.588340
15.615616 216.674455 14.519073
15.715716 206.667716 14.447141
15.815816 193.400849 14.372594
15.915916 181.705448 14.295486
16.016016 194.743402 14.215871
16.116116 210.868687 14.133807
16.216216 199.392212 14.049353
16.316316 176.559682 13.962571
16.416416 193.877324 13.873525
16.516517 194.261814 13.782281
16.616617 174.287151 13.688908
16.716717 185.872294 13.593478
16.816817 181.929369 13.496065
16.916917 163.160791 13.396749
17.017017 180.530223 13.295609
17.117117 180.446449 13.192732
17.217217 184.476325 13.088206
17.317317 181.216153 12.982125
17.417417 147.018076 12.874587
17.517518 149.991038 12.765697
17.617618 165.681359 12.655564
17.717718 162.804610 12.544302
17.817818 159.958581 12.432035
17.917918 198.216418 12.318890
18.018018 154.929813 12.205003
18.118118 158.910183 12.090517
18.218218 153.839335 11.975584
18.318318 147.393894 11.860361
18.418418 133.242518 11.745014
18.518519 143.076922 11.629717
18.618619 122.688355 11.514650
18.718719 126.260245 11.399999
18.818819 120.895003 11.285956
18.918919 124.744335 11.172716
19.019019 146.935403 11.060478
19.119119 98.444755 10.949441
19.219219 123.940279 10.839804
19.319319 96.863407 10.731761
19.419419 106.886725 10.625499
19.519520 121.152694 10.521199
19.619620 108.225841 10.419026
19.719720 94.363088 10.319132
19.819820 96.170488 10.221647
19.919920 108.431751 10.126682
20.020020 92.358814 10.034318
20.120120 100.047895 9.944612
20.220220 96.621177 9.857583
20.320320 88.147632 9.773222
20.420420 113.702763 9.691479
20.520521 97.489148 9.612271
20.620621 70.614550 9.535473
20.720721 90.273153 9.460926
20.820821 80.929561 9.388434
20.920921 93.763574 9.317768
21.021021 77.208065 9.248666
21.121121 82.234479 9.180842
21.221221 86.667181 9.113986
21.321321 88.695329 9.047772
21.421421 68.892981 8.981864
21.521522 75.511282 8.915922
21.621622 73.112518 8.849610
21.721722 70.396160 8.782602
21.821822 90.329268 8.714589
21.921922 77.242221 8.645290
22.022022 61.709882 8.574455
22.122122 79.085406 8.501874
22.222222 87.905019 8.427384
22.322322 77.359060 8.350873
22.422422 54.862071 8.272287
22.522523 62.136229 8.191636
22.622623 75.029142 8.108993
22.722723 57.713937 8.024502
22.822823 65.541030 7.938377
22.922923 66.718240 7.850902
23.023023 52.060145 7.762434
23.123123 57.424253 7.673397
23.223223 31.938614 7.584279
23.323323 47.506053 7.495631
23.423423 52.008237 7.408055
23.523524 43.478062 7.322198
23.623624 63.215969 7.238741
23.723724 40.005006 7.158388
23.823824 46.036263 7.081849
23.923924 49.054190 7.009830
24.024024 57.212152 6.943009
24.124124 36.480616 6.882024
24.224224 53.555536 6.827451
24.324324 45.034947 6.779791
24.424424 37.805346 6.739449
24.524525 47.079315 6.706722
24.624625 44.976335 6.681786
24.724725 39.417816 6.664689
24.824825 43.758170 6.655345
24.924925 40.705822 6.653534
25.025025 44.096960 6.658908
25.125125 47.919241 6.670995
25.225225 54.354757 6.689212
25.325325 35.753461 6.712881
25.425425 58.823652 6.741243
25.525526 31.657567 6.773477
25.625626 44.325166 6.808717
25.725726 49.896359 6.846072
25.825826 48.332797 6.884640
25.925926 42.623973 6.923529
26.026026 46.018669 6.961867
26.126126 44.533029 6.998818
26.226226 44.326084 7.033593
26.326326 54.923564 7.065461
26.426426 51.853899 7.093752
26.526527 44.732061 7.117872
26.626627 56.361791 7.137302
26.726727 52.343112 7.151603
26.826827 56.092095 7.160423
26.926927 54.825989 7.163494
27.027027 44.338579 7.160636
27.127127 46.141353 7.151757
27.227227 55.267981 7.136852
27.327327 53.980877 7.116002
27.427427 49.111014 7.089372
27.527528 49.632216 7.057210
27.627628 57.247198 7.019843
27.727728 43.560119 6.977672
27.827828 50.833172 6.931172
27.927928 44.955270 6.880882
28.028028 44.127219 6.827402
28.128128 52.291932 6.771387
28.228228 49.613094 6.713541
28.328328 48.697325 6.654603
28.428428 51.108682 6.595347
28.528529 41.863967 6.536564
28.628629 45.396627 6.479060
28.728729 38.270042 6.423635
28.828829 41.655939 6.371079
28.928929 38.146889 6.322157
29.029029 39.017111 6.277596
29.129129 41.626160 6.238071
29.229229 32.415654 6.204197
29.329329 50.072985 6.176514
29.429429 30.697428 6.155481
29.529530 29.260702 6.141466
29.629630 43.739724 6.134738
29.729730 41.501239 6.135472
29.829830 40.579941 6.143738
29.929930 40.809867 6.159510
30.030030 37.149701 6.182671
30.130130 32.026891 6.213014
30.230230 38.539516 6.250257
30.330330 34.352977 6.294050
30.430430 45.432282 6.343984
30.530531 39.013859 6.399607
30.630631 35.404081 6.460429
30.730731 39.490536 6.525939
30.830831 45.225587 6.595609
30.930931 39.714863 6.668905
31.031031 38.952887 6.745295
31.131131 47.233460 6.824256
31.231231 48.374419 6.905277
31.331331 44.287801 6.987865
31.431431 45.675768 7.071544
31.531532 51.866923 7.155865
31.631632 40.938682 7.240400
31.731732 42.342586 7.324746
31.831832 48.563617 7.408524
31.931932 53.521774 7.491381
32.032032 58.704619 7.572986
32.132132 68.859862 7.653033
32.232232 65.402776 7.731236
32.332332 58.705724 7.807331
32.432432 60.961464 7.881074
32.532533 54.265771 7.952240
32.632633 63.181875 8.020621
32.732733 62.049706 8.086025
32.832833 68.024030 8.148278
32.932933 59.569143 8.207217
33.033033 71.563333 8.262695
33.133133 80.876291 8.314578
33.233233 68.025955 8.362744
33.333333 73.056244 8.407082
33.433433 76.190092 8.447491
33.533534 67.572372 8.483884
33.633634 73.433726 8.516180
33.733734 72.112822 8.544310
33.833834 73.251199 8.568214
33.933934 66.112525 8.587841
34.034034 73.225026 8.603148
34.134134 77.492573 8.614103
34.234234 85.825939 8.620678
34.334334 81.625344 8.622858
34.434434 91.877120 8.620634
34.534535 66.591106 8.614003
34.634635 80.515675 8.602972
34.734735 74.320572 8.587556
34.834835 91.168513 8.567775
34.934935 65.088296 8.543660
35.035035 64.358957 8.515245
35.135135 65.869663 8.482574
35.235235 52.392002 8.445696
35.335335 65.219650 8.404668
35.435435 62.536122 8.359553
35.535536 69.312928 8.310421
35.635636 70.005755 8.257346
35.735736 81.632085 8.200410
35.835836 72.990866 8.139699
35.935936 59.551908 8.075307
36.036036 55.923439 8.007331
36.136136 65.881878 7.935872
36.236236 50.417540 7.861040
36.336336 73.828364 7.782944
36.436436 67.399909 7.701702
36.536537 53.451360 7.617432
36.636637 42.804447 7.530258
36.736737 64.431399 7.440307
36.836837 52.147210 7.347708
36.936937 60.577490 7.252593
37.037037 38.787137 7.155098
37.137137 44.549267 7.055358
37.237237 47.387792 6.953512
37.337337 46.240202 6.849701
37.437437 41.447139 6.744065
37.537538 47.180100 6.636746
37.637638 34.644018 6.527888
37.737738 39.272277 6.417633
37.837838 39.525802 6.306124
37.937938 40.545671 6.193504
38.038038 40.291918 6.079914
38.138138 27.878106 5.965497
38.238238 24.251915 5.850392
38.338338 39.214356 5.734738
38.438438 32.436633 5.618671
38.538539 25.157206 5.502329
38.638639 36.361575 5.385844
38.738739 27.375543 5.269347
38.838839 31.629939 5.152966
38.938939 24.709721 5.036829
39.039039 33.357861 4.921057
39.139139 30.531211 4.805772
39.239239 19.838413 4.691090
39.339339 24.397081 4.577126
39.439439 21.808147 4.463989
39.539540 23.894042 4.351787
39.639640 12.891007 4.240623
39.739740 18.895636 4.130597
39.839840 19.431696 4.021805
39.939940 7.437751 3.914340
40.040040 8.996873 3.808289
40.140140 5.164888 3.703737
40.240240 10.995439 3.600765
40.340340 13.757157 3.499450
40.440440 15.666898 3.399866
40.540541 10.148400 3.302080
40.640641 14.501060 3.206159
40.740741 4.390471 3.112166
40.840841 2.976865 3.020157
40.940941 7.423237 2.930188
41.041041 8.170361 2.842310
41.141141 6.508564 2.756572
41.241241 0.618716 2.673018
41.341341 5.485889 2.591691
41.441441 2.035656 2.512629
41.541542 6.564692 2.435869
41.641642 5.442125 2.361445
41.741742 2.089554 2.289390
41.841842 2.786565 2.219732
41.941942 1.353303 2.152501
42.042042 3.227730 2.087723
42.142142 5.036906 2.025423
42.242242 0.926117 1.965626
42.342342 3.603723 1.908356
42.442442 1.453063 1.853637
42.542543 0.817016 1.801491
42.642643 1.881793 1.751943
42.742743 0.141976 1.705017
42.842843 0.838582 1.660737
42.942943 -0.317937 1.619130
43.043043 4.601808 1.580223
43.143143 1.438517 1.544043
43.243243 0.224953 1.510620
43.343343 1.507039 1.479984
43.443443 0.945668 1.452166
43.543544 0.721529 1.427199
43.643644 1.837321 1.405114
43.743744 1.970707 1.385945
43.843844 0.149498 1.369722
43.943944 0.058941 1.356475
44.044044 0.442058 1.346232
44.144144 -2.289344 1.339020
44.244244 -1.240719 1.334858
44.344344 2.602020 1.333766
44.444444 2.981513 1.335755
44.544545 0.463916 1.340832
44.644645 1.597580 1.349001
44.744745 1.273677 1.360256
44.844845 5.121683 1.374588
44.944945 2.496032 1.391979
45.045045 0.814228 1.412409
45.145145 -0.310347 1.435851
45.245245 -1.210824 1.462270
45.345345 1.528456 1.491631
45.445445 0.169650 1.523892
45.545546 -0.786801 1.559007
45.645646 0.517647 1.596927
45.745746 -0.089409 1.637600
45.845846 4.661698 1.680971
45.945946 3.505036 1.726980
46.046046 2.138488 1.775568
46.146146 5.040100 1.826671
46.246246 2.680708 1.880223
46.346346 1.081115 1.936154
46.446446 6.015319 1.994394
46.546547 4.329875 2.054869
46.646647 1.287438 2.117500
46.746747 3.346675 2.182208
46.846847 2.088411 2.248910
46.946947 1.166231 2.317520
47.047047 6.913947 2.387946
47.147147 9.749419 2.460096
47.247247 1.876718 2.533873
47.347347 7.276681 2.609175
47.447447 4.466498 2.685900
47.547548 5.292971 2.763938
47.647648 5.399385 2.843179
47.747748 5.021008 2.923507
47.847848 8.174635 3.004802
47.947948 5.964128 3.086944
48.048048 9.904970 3.169807
48.148148 9.420271 3.253261
48.248248 9.339335 3.337177
48.348348 7.600950 3.421419
48.448448 9.268916 3.505851
48.548549 14.602615 3.590335
48.648649 14.344388 3.674731
48.748749 9.454785 3.758898
48.848849 14.147995 3.842693
48.948949 17.363198 3.925974
49.049049 8.376881 4.008598
49.149149 17.954127 4.090422
49.249249 13.635793 4.171307
49.349349 19.497633 4.251112
49.449449 14.441628 4.329701
49.549550 10.467113 4.406940
49.649650 11.798803 4.482698
49.749750 19.983999 4.556850
49.849850 21.632508 4.629274
49.949950 16.838490 4.699856
50.050050 24.783586 4.768487
50.150150 14.344301 4.835066
50.250250 22.681341 4.899500
50.350350 17.609822 4.961706
50.450450 20.943315 5.021612
50.550551 25.038549 5.079154
50.650651 20.943256 5.134283
50.750751 23.909903 5.186962
50.850851 31.698065 5.237169
50.950951 23.881307 5.284896
51.051051 31.864869 5.330150
51.151151 21.798829 5.372960
51.251251 31.172580 5.413368
51.351351 36.576811 5.451439
51.451451 15.547439 5.487257
51.551552 25.081036 5.520927
51.651652 33.035366 5.552578
51.751752 29.029297 5.582362
51.851852 32.559501 5.610455
51.951952 27.371707 5.637057
52.052052 31.553008 5.662394
52.152152 30.453473 5.686718
52.252252 38.276020 5.710309
52.352352 33.331370 5.733468
52.452452 34.081012 5.756526
52.552553 30.025928 5.779836
52.652653 29.853860 5.803776
52.752753 30.452985 5.828744
52.852853 35.592454 5.855158
52.952953 31.138179 5.883453
53.053053 35.690070 5.914078
53.153153 46.716068 5.947490
53.253253 40.023037 5.984153
53.353353 33.330834 6.024531
53.453453 43.124013 6.069081
53.553554 33.936307 6.118253
53.653654 24.519189 6.172476
53.753754 31.557279 6.232161
53.853854 26.879215 6.297688
53.953954 37.330377 6.369404
54.054054 40.690502 6.447616
54.154154 52.626157 6.532586
54.254254 45.050163 6.624532
54.354354 42.733866 6.723616
54.454454 51.313020 6.829950
54.554555 31.860229 6.943590
54.654655 50.572193 7.064537
54.754755 56.280092 7.192737
54.854855 41.865579 7.328082
54.954955 63.351373 7.470412
55.055055 59.636268 7.619520
55.155155 56.224042 7.775151
55.255255 67.018456 7.937006
55.355355 83.090344 8.104749
55.455455 69.030869 8.278006
55.555556 72.609276 8.456372
55.655656 69.670869 8.639414
55.755756 69.408863 8.826673
55.855856 87.806052 9.017669
55.955956 75.973002 9.211903
56.056056 88.200037 9.408862
56.156156 86.724670 9.608018
56.256256 99.911496 9.808836
56.356356 102.555759 10.010771
56.456456 113.907683 10.213276
56.556557 102.176599 10.415797
56.656657 108.871823 10.617782
56.756757 105.454885 10.818679
56.856857 115.499767 11.017938
56.956957 129.007980 11.215014
57.057057 137.810447 11.409368
57.157157 122.873301 11.600468
57.257257 148.202707 11.787789
57.357357 158.528631 11.970820
57.457457 151.622469 12.149059
57.557558 173.957986 12.322016
57.657658 145.316539 12.489218
57.757758 143.282542 12.650205
57.857858 140.180405 12.804534
57.957958 186.125050 12.951780
58.058058 178.955005 13.091537
58.158158 173.123781 13.223419
58.258258 180.880715 13.347058
58.358358 165.076982 13.462111
58.458458 216.282187 13.568257
58.558559 187.503431 13.665197
58.658659 189.640026 13.752656
58.758759 200.317237 13.830387
58.858859 198.844128 13.898165
58.958959 196.888607 13.955792
59.059059 184.017645 14.003097
59.159159 202.739210 14.039937
59.259259 223.330703 14.066193
59.359359 216.242320 14.081776
59.459459 219.875592 14.086624
59.559560 190.067879 14.080702
59.659660 182.878341 14.064002
59.759760 194.258966 14.036544
59.859860 195.734607 13.998377
59.959960 208.854063 13.949572
60.060060 168.429781 13.890231
60.160160 211.144724 13.820478
60.260260 185.629270 13.740465
60.360360 179.505422 13.650366
60.460460 168.898447 13.550382
60.560561 157.410804 13.440732
60.660661 187.432676 13.321662
60.760761 174.034026 13.193434
60.860861 152.625697 13.056334
60.960961 148.964906 12.910664
61.061061 157.450974 12.756743
61.161161 178.652908 12.594909
61.261261 150.167812 12.425513
61.361361 130.624146 12.248919
61.461461 141.611412 12.065506
61.561562 136.792532 11.875660
61.661662 103.918227 11.679780
61.761762 130.127522 11.478272
61.861862 123.444807 11.271548
61.961962 129.024232 11.060026
62.062062 136.645410 10.844127
62.162162 123.844189 10.624276
62.262262 104.382019 10.400899
62.362362 91.260574 10.174421
62.462462 123.501031 9.945265
62.562563 93.934167 9.713852
62.662663 89.013857 9.480601
62.762763 84.264036 9.245923
62.862863 81.968928 9.010224
62.962963 74.714770 8.773903
63.063063 66.988790 8.537350
63.163163 63.366257 8.300946
63.263263 63.781071 8.065062
63.363363 56.054773 7.830059
63.463463 51.288555 7.596284
63.563564 54.013354 7.364075
63.663664 48.071490 7.133753
63.763764 57.073745 6.905630
63.863864 25.913934 6.680001
63.963964 47.742788 6.457148
64.064064 45.676660 6.237339
64.164164 22.766835 6.020827
64.264264 30.740837 5.807849
64.364364 28.265097 5.598630
64.464464 20.497274 5.393377
64.564565 21.921176 5.192285
64.664665 18.407432 4.995533
64.764765 30.488224 4.803287
64.864865 24.623482 4.615698
64.964965 24.287338 4.432906
65.065065 20.176058 4.255034
65.165165 11.055325 4.082198
65.265265 12.270054 3.914497
65.365365 14.913824 3.752023
65.465465 7.529623 3.594857
65.565566 13.309633 3.443070
65.665666 9.076105 3.296724
65.765766 7.776669 3.155877
65.865866 10.271389 3.020576
65.965966 8.641419 2.890867
66.066066 5.656408 2.766790
66.166166 9.084272 2.648381
66.266266 2.688433 2.535678
66.366366 6.394578 2.428713
66.466466 5.797820 2.327523
66.566567 3.291511 2.232143
66.666667 4.289560 2.142611
66.766767 0.663346 2.058968
66.866867 4.756099 1.981254
66.966967 2.293168 1.909513
67.067067 1.435771 1.843790
67.167167 4.054677 1.784127
67.267267 0.775943 1.730565
67.367367 -0.537682 1.683137
67.467467 -0.860046 1.641870
67.567568 2.555451 1.606776
67.667668 -0.530710 1.577853
67.767768 4.147120 1.555080
67.867868 -1.836149 1.538416
67.967968 3.926007 1.527798
68.068068 1.641355 1.523137
68.168168 1.176150 1.524327
68.268268 0.510292 1.531239
68.368368 1.999264 1.543731
68.468468 1.379964 1.561645
68.568569 3.260182 1.584818
68.668669 1.786291 1.613082
68.768769 1.957632 1.646267
68.868869 1.224162 1.684210
68.968969 1.883334 1.726750
69.069069 2.692099 1.773736
69.169169 -0.790381 1.825027
69.269269 0.000988 1.880488
69.369369 4.205513 1.939996
69.469469 3.356073 2.003436
69.569570 2.906825 2.070700
69.669670 3.626312 2.141689
69.769770 4.682368 2.216308
69.869870 3.026113 2.294466
69.969970 2.796426 2.376076
70.070070 5.538770 2.461053
70.170170 3.004821 2.549314
70.270270 7.051779 2.640772
70.370370 1.824951 2.735343
70.470470 9.941077 2.832939
70.570571 8.991593 2.933469
70.670671 8.999927 3.036841
70.770771 11.966738 3.142958
70.870871 14.989316 3.251717
70.970971 13.721210 3.363015
71.071071 4.687484 3.476741
71.171171 7.310838 3.592781
71.271271 10.452942 3.711018
71.371371 13.779036 3.831328
71.471471 16.677433 3.953584
71.571572 12.667938 4.077655
71.671672 17.453690 4.203407
71.771772 14.483647 4.330703
71.871872 16.159251 4.459401
71.971972 13.606537 4.589358
72.072072 16.924403 4.720430
72.172172 15.987461 4.852471
72.272272 18.988484 4.985332
72.372372 30.596255 5.118867
72.472472 21.606140 5.252929
72.572573 42.205392 5.387372
72.672673 32.217159 5.522050
72.772773 32.045214 5.656821
72.872873 27.570798 5.791547
72.972973 38.268644 5.926090
73.073073 32.238912 6.060318
73.173173 38.122668 6.194104
73.273273 55.233521 6.327324
73.373373 40.109284 6.459862
73.473473 50.024818 6.591605
73.573574 39.464261 6.722450
73.673674 45.714213 6.852296
73.773774 60.097171 6.981054
73.873874 45.075863 7.108639
73.973974 64.457861 7.234974
74.074074 58.378488 7.359989
74.174174 50.795335 7.483624
74.274274 61.658522 7.605823
74.374374 66.213892 7.726539
74.474474 65.434094 7.845734
74.574575 49.911023 7.963373
74.674675 58.402346 8.079431
74.774775 64.111645 8.193887
74.874875 67.383430 8.306728
74.974975 75.086572 8.417944
75.075075 73.234167 8.527533
75.175175 62.040388 8.635493
75.275275 78.743218 8.741830
75.375375 82.663028 8.846550
75.475475 84.106406 8.949663
75.575576 90.706203 9.051180
75.675676 90.374199 9.151114
75.775776 88.799993 9.249477
75.875876 85.697192 9.346282
75.975976 72.460660 9.441541
76.076076 94.017789 9.535264
76.176176 93.687518 9.627461
76.276276 96.081452 9.718138
76.376376 82.661653 9.807299
76.476476 86.212908 9.894943
76.576577 109.133330 9.981069
76.676677 99.919554 10.065670
76.776777 108.913182 10.148735
76.876877 103.947713 10.230250
76.976977 105.606954 10.310197
77.077077 116.669475 10.388554
77.177177 103.121861 10.465296
77.277277 111.113028 10.540393
77.377377 106.746491 10.613811
77.477477 108.537451 10.685517
77.577578 111.354844 10.755470
77.677678 118.555272 10.823631
77.777778 112.377582 10.889956
77.877878 132.754963 10.954401
77.977978 110.516761 11.016922
78.078078 119.640360 11.077474
78.178178 118.113870 11.136010
78.278278 140.467033 11.192486
78.378378 127.702472 11.246859
78.478478 138.328276 11.299087
78.578579 110.942940 11.349130
78.678679 131.934056 11.396951
78.778779 140.110792 11.442516
78.878879 131.868580 11.485795
78.978979 144.147748 11.526761
79.079079 126.775634 11.565391
79.179179 149.949519 11.601670
79.279279 161.135797 11.635582
79.379379 130.888471 11.667123
79.479479 130.592435 11.696288
79.579580 153.468816 11.723083
79.679680 155.560162 11.747515
79.779780 131.369647 11.769601
79.879880 133.035276 11.789360
79.979980 135.074015 11.806820
80.080080 122.865874 11.822013
80.180180 128.194452 11.834977
80.280280 127.427131 11.845756
80.380380 130.425022 11.854400
80.480480 139.271064 11.860964
80.580581 142.569335 11.865507
80.680681 158.253178 11.868095
80.780781 128.019126 11.868799
80.880881 151.523759 11.867692
80.980981 137.235836 11.864855
81.081081 139.081717 11.860370
81.181181 147.524545 11.854325
81.281281 126.046244 11.846810
81.381381 143.663327 11.837922
81.481481 140.864573 11.827756
81.581582 144.446667 11.816415
81.681682 141.747787 11.804001
81.781782 166.968259 11.790621
81.881882 130.172934 11.776383
81.981982 131.085225 11.761398
82.082082 129.644043 11.745779
82.182182 130.068861 11.729638
82.282282 128.730750 11.713092
82.382382 149.709475 11.696257
82.482482 151.995330 11.679251
82.582583 128.350557 11.662191
82.682683 124.917664 11.645197
82.782783 139.701144 11.628385
82.882883 127.423280 11.611874
82.982983 140.801469 11.595781
83.083083 135.451381 11.580220
83.183183 115.226222 11.565304
83.283283 150.304409 11.551145
83.383383 152.842519 11.537849
83.483483 124.774863 11.525518
83.583584 127.113883 11.514251
83.683684 134.633840 11.504139
83.783784 134.985797 11.495265
83.883884 138.532591 11.487708
83.983984 153.905806 11.481532
84.084084 128.686033 11.476795
84.184184 121.482836 11.473541
84.284284 114.778929 11.471800
84.384384 122.212482 11.471592
84.484484 130.247729 11.472916
84.584585 151.286918 11.475757
84.684685 124.850113 11.480084
84.784785 133.495022 11.485845
84.884885 130.899563 11.492968
84.984985 144.949487 11.501363
85.085085 160.588535 11.510918
85.185185 125.628558 11.521500
85.285285 126.364404 11.532957
85.385385 144.344596 11.545113
85.485485 140.463332 11.557776
85.585586 154.249560 11.570731
85.685686 139.947233 11.583745
85.785786 129.313896 11.596571
85.885886 140.624400 11.608941
85.985986 146.921622 11.620579
86.086086 143.827780 11.631191
86.186186 140.405608 11.640477
86.286286 147.103646 11.648128
86.386386 148.438535 11.653830
86.486486 151.004088 11.657268
86.586587 142.474581 11.658123
86.686687 132.916343 11.656084
86.786787 136.451411 11.650840
86.886887 148.584604 11.642092
86.986987 124.745863 11.629551
87.087087 138.141750 11.612940
87.187187 128.814824 11.591998
87.287287 133.115976 11.566482
87.387387 146.831644 11.536170
87.487487 133.467585 11.500860
87.587588 130.872401 11.460376
87.687688 113.770147 11.414566
87.787788 136.604580 11.363304
87.887888 134.134921 11.306492
87.987988 149.752663 11.244060
88.088088 120.462552 11.175969
88.188188 124.691989 11.102204
88.288288 123.250682 11.022785
88.388388 135.888297 10.937756
88.488488 115.627878 10.847192
88.588589 117.587995 10.751194
88.688689 118.894236 10.649892
88.788789 112.131606 10.543439
88.888889 103.169679 10.432012
88.988989 107.418187 10.315813
89.089089 113.885011 10.195061
89.189189 90.067839 10.069997
89.289289 99.142894 9.940878
89.389389 88.329608 9.807975
89.489489 104.097288 9.671572
89.589590 75.339370 9.531964
89.689690 81.913844 9.389452
89.789790 87.945008 9.244346
89.889890 95.996117 9.096956
89.989990 78.471174 8.947596
90.090090 71.495930 8.796578
90.190190 89.983489 8.644210
90.290290 58.798840 8.490797
90.390390 50.168837 8.336635
90.490490 69.545524 8.182012
90.590591 59.405951 8.027206
90.690691 52.936369 7.872484
90.790791 64.036205 7.718098
90.890891 58.062622 7.564287
90.990991 49.746460 7.411275
91.091091 42.402928 7.259270
91.191191 55.732086 7.108464
91.291291 51.952878 6.959031
91.391391 44.715990 6.811130
91.491491 55.728582 6.664903
91.591592 34.539123 6.520474
91.691692 29.948560 6.377953
91.791792 33.589848 6.237434
91.891892 35.919692 6.098993
91.991992 36.004712 5.962697
92.092092 31.566449 5.828595
92.192192 33.458246 5.696726
92.292292 23.025322 5.567117
92.392392 36.445025 5.439785
92.492492 26.809816 5.314737
92.592593 31.757552 5.191973
92.692693 26.458084 5.071485
92.792793 25.797188 4.953259
92.892893 25.155358 4.837276
92.992993 23.426331 4.723513
93.093093 23.234228 4.611944
93.193193 25.257430 4.502540
93.293293 19.182173 4.395271
93.393393 20.446713 4.290106
93.493493 16.155356 4.187013
93.593594 21.579343 4.085961
93.693694 12.198805 3.986919
93.793794 21.136397 3.889858
93.893894 13.247725 3.794748
93.993994 7.405468 3.701564
94.094094 12.496604 3.610279
94.194194 8.998630 3.520870
94.294294 13.673851 3.433316
94.394394 8.021679 3.347596
94.494494 8.195490 3.263694
94.594595 3.110779 3.181592
94.694695 7.215186 3.101276
94.794795 0.810176 3.022733
94.894895 3.012533 2.945952
94.994995 9.425290 2.870923
95.095095 9.025147 2.797636
95.195195 7.591358 2.726082
95.295295 3.487160 2.656256
95.395395 5.575034 2.588150
95.495495 5.350174 2.521757
95.595596 2.191019 2.457072
95.695696 8.330936 2.394090
95.795796 6.488685 2.332803
95.895896 3.665174 2.273207
95.995996 3.967095 2.215296
96.096096 4.111458 2.159061
96.196196 -0.867916 2.104498
96.296296 2.701941 2.051597
96.396396 1.637193 2.000350
96.496496 0.851509 1.950748
96.596597 2.085701 1.902780
96.696697 5.783644 1.856436
96.796797 3.443280 1.811702
96.896897 1.117653 1.768564
96.996997 2.971415 1.727009
97.097097 4.206770 1.687018
97.197197 3.242130 1.648576
97.297297 1.693555 1.611661
97.397397 0.464839 1.576254
97.497497 2.455679 1.542332
97.597598 1.873822 1.509871
97.697698 2.510838 1.478846
97.797798 2.020778 1.449230
97.897898 2.510635 1.420995
97.997998 0.197366 1.394110
98.098098 2.675826 1.368544
98.198198 1.072675 1.344265
98.298298 3.487583 1.321238
98.398398 -0.207037 1.299428
98.498498 2.855271 1.278798
98.598599 0.835096 1.259311
98.698699 -0.268458 1.240929
98.798799 -0.094860 1.223613
98.898899 0.070866 1.207323
98.998999 0.926522 1.192019
99.099099 1.002606 1.177660
99.199199 -0.312527 1.164207
99.299299 0.298180 1.151619
99.399399 2.741154 1.139857
99.499499 2.224554 1.128879
99.599600 0.739463 1.118647
99.699700 0.272304 1.109123
99.799800 0.342656 1.100268
99.899900 0.862553 1.092045
100.000000 -0.933170 1.084420
