0.000000 4.919874 2.433079
0.100100 5.165671 2.483077
0.200200 5.421467 2.534061
0.300300 5.687535 2.586027
0.400400 5.964150 2.638968
0.500501 6.251588 2.692877
0.600601 6.550121 2.747748
0.700701 6.860023 2.803573
0.800801 7.181565 2.860343
0.900901 7.515014 2.918050
1.001001 7.860637 2.976682
1.101101 8.218697 3.036231
1.201201 8.589451 3.096684
1.301301 8.973154 3.158030
1.401401 9.370053 3.220257
1.501502 9.780391 3.283351
1.601602 10.204403 3.347298
1.701702 10.642319 3.412084
1.801802 11.094358 3.477694
1.901902 11.560731 3.544112
2.002002 12.041641 3.611321
2.102102 12.537279 3.679304
2.202202 13.047826 3.748043
2.302302 13.573451 3.817519
2.402402 14.114309 3.887713
2.502503 14.670543 3.958604
2.602603 15.242283 4.030172
2.702703 15.829642 4.102395
2.802803 16.432718 4.175251
2.902903 17.051593 4.248717
3.003003 17.686331 4.322769
3.103103 18.336979 4.397383
3.203203 19.003564 4.472534
3.303303 19.686095 4.548197
3.403403 20.384559 4.624344
3.503504 21.098925 4.700949
3.603604 21.829137 4.777985
3.703704 22.575119 4.855422
3.803804 23.336771 4.933231
3.903904 24.113971 5.011384
4.004004 24.906571 5.089850
4.104104 25.714400 5.168597
4.204204 26.537260 5.247596
4.304304 27.374930 5.326812
4.404404 28.227160 5.406215
4.504505 29.093676 5.485770
4.604605 29.974176 5.565445
4.704705 30.868331 5.645204
4.804805 31.775785 5.725014
4.904905 32.696153 5.804839
5.005005 33.629025 5.884643
5.105105 34.573961 5.964391
5.205205 35.530494 6.044046
5.305305 36.498128 6.123572
5.405405 37.476340 6.202930
5.505506 38.464581 6.282084
5.605606 39.462271 6.360996
5.705706 40.468805 6.439628
5.805806 41.483552 6.517941
5.905906 42.505852 6.595897
6.006006 43.535021 6.673456
6.106106 44.570349 6.750581
6.206206 45.611100 6.827232
6.306306 46.656516 6.903370
6.406406 47.705814 6.978955
6.506507 48.758187 7.053948
6.606607 49.812809 7.128310
6.706707 50.868830 7.202002
6.806807 51.925384 7.274983
6.906907 52.981582 7.347216
7.007007 54.036520 7.418660
7.107107 55.089275 7.489277
7.207207 56.138912 7.559029
7.307307 57.184478 7.627875
7.407407 58.225011 7.695779
7.507508 59.259534 7.762701
7.607608 60.287063 7.828605
7.707708 61.306604 7.893453
7.807808 62.317158 7.957208
7.907908 63.317719 8.019833
8.008008 64.307277 8.081292
8.108108 65.284822 8.141549
8.208208 66.249342 8.200570
8.308308 67.199827 8.258319
8.408408 68.135270 8.314762
8.508509 69.054669 8.369867
8.608609 69.957029 8.423600
8.708709 70.841363 8.475928
8.808809 71.706695 8.526822
8.908909 72.552058 8.576250
9.009009 73.376503 8.624181
9.109109 74.179095 8.670588
9.209209 74.958914 8.715441
9.309309 75.715063 8.758714
9.409409 76.446662 8.800379
9.509510 77.152856 8.840410
9.609610 77.832814 8.878784
9.709710 78.485729 8.915477
9.809810 79.110823 8.950465
9.909910 79.707346 8.983727
10.010010 80.274579 9.015242
10.110110 80.811835 9.044990
10.210210 81.318459 9.072952
10.310310 81.793832 9.099112
10.410410 82.237369 9.123452
10.510511 82.648524 9.145957
10.610611 83.026789 9.166613
10.710711 83.371693 9.185407
10.810811 83.682807 9.202326
10.910911 83.959743 9.217361
11.011011 84.202155 9.230501
11.111111 84.409737 9.241739
11.211211 84.582230 9.251066
11.311311 84.719417 9.258478
11.411411 84.821125 9.263969
11.511512 84.887225 9.267536
11.611612 84.917635 9.269177
11.711712 84.912315 9.268890
11.811812 84.871273 9.266675
11.911912 84.794560 9.262535
12.012012 84.682273 9.256472
12.112112 84.534554 9.248489
12.212212 84.351588 9.238592
12.312312 84.133606 9.226787
12.412412 83.880882 9.213082
12.512513 83.593731 9.197485
12.612613 83.272514 9.180006
12.712713 82.917630 9.160657
12.812813 82.529522 9.139449
12.912913 82.108670 9.116396
13.013013 81.655596 9.091512
13.113113 81.170856 9.064814
13.213213 80.655045 9.036318
13.313313 80.108794 9.006042
13.413413 79.532768 8.974005
13.513514 78.927662 8.940227
13.613614 78.294206 8.904729
13.713714 77.633159 8.867534
13.813814 76.945307 8.828664
13.913914 76.231464 8.788143
14.014014 75.492470 8.745997
14.114114 74.729188 8.702252
14.214214 73.942503 8.656934
14.314314 73.133321 8.610071
14.414414 72.302567 8.561692
14.514515 71.451182 8.511826
14.614615 70.580123 8.460504
14.714715 69.690361 8.407756
14.814815 68.782880 8.353615
14.914915 67.858674 8.298113
15.015015 66.918744 8.241283
15.115115 65.964102 8.183160
15.215215 64.995764 8.123778
15.315315 64.014753 8.063173
15.415415 63.022092 8.001381
15.515516 62.018810 7.938439
15.615616 61.005938 7.874385
15.715716 59.984504 7.809258
15.815816 58.955542 7.743096
15.915916 57.920082 7.675942
16.016016 56.879156 7.607835
16.116116 55.833795 7.538819
16.216216 54.785034 7.468938
16.316316 53.733906 7.398237
16.416416 52.681450 7.326763
16.516517 51.628708 7.254565
16.616617 50.576729 7.181694
16.716717 49.526570 7.108204
16.816817 48.479301 7.034152
16.916917 47.436005 6.959598
17.017017 46.397785 6.884605
17.117117 45.365764 6.809241
17.217217 44.341091 6.733579
17.317317 43.324943 6.657698
17.417417 42.318532 6.581682
17.517518 41.323108 6.505621
17.617618 40.339960 6.429616
17.717718 39.370422 6.353772
17.817818 38.415876 6.278206
17.917918 37.477751 6.203044
18.018018 36.557525 6.128419
18.118118 35.656727 6.054480
18.218218 34.776930 5.981382
18.318318 33.919750 5.909293
18.418418 33.086839 5.838394
18.518519 32.279879 5.768872
18.618619 31.500566 5.700927
18.718719 30.750600 5.634767
18.818819 30.031669 5.570608
18.918919 29.345428 5.508668
19.019019 28.693477 5.449172
19.119119 28.077338 5.392341
19.219219 27.498427 5.338392
19.319319 26.958024 5.287535
19.419419 26.457244 5.239966
19.519520 25.997004 5.195864
19.619620 25.577989 5.155384
19.719720 25.200623 5.118654
19.819820 24.865035 5.085768
19.919920 24.571032 5.056781
20.020020 24.318071 5.031707
20.120120 24.105239 5.010513
20.220220 23.931234 4.993119
20.320320 23.794356 4.979393
20.420420 23.692500 4.969155
20.520521 23.623162 4.962173
20.620621 23.583450 4.958170
20.720721 23.570103 4.956824
20.820821 23.579523 4.957774
20.920921 23.607812 4.960626
21.021021 23.650824 4.964960
21.121121 23.704216 4.970334
21.221221 23.763514 4.976295
21.321321 23.824188 4.982388
21.421421 23.881726 4.988159
21.521522 23.931715 4.993167
21.621622 23.969924 4.996992
21.721722 23.992394 4.999239
21.821822 23.995513 4.999551
21.921922 23.976106 4.997610
22.022022 23.931501 4.993145
22.122122 23.859600 4.985940
22.222222 23.758942 4.975836
22.322322 23.628744 4.962736
22.422422 23.468940 4.946609
22.522523 23.280202 4.927495
22.622623 23.063950 4.905502
22.722723 22.822338 4.880813
22.822823 22.558237 4.853683
22.922923 22.275194 4.824437
23.023023 21.977376 4.793472
23.123123 21.669507 4.761251
23.223223 21.356784 4.728296
23.323323 21.044784 4.695187
23.423423 20.739368 4.662550
23.523524 20.446565 4.631044
23.623624 20.172462 4.601354
23.723724 19.923081 4.574175
23.823824 19.704266 4.550194
23.923924 19.521561 4.530073
24.024024 19.380099 4.514432
24.124124 19.284491 4.503831
24.224224 19.238735 4.498748
24.324324 19.246117 4.499569
24.424424 19.309146 4.506567
24.524525 19.429482 4.519898
24.624625 19.607897 4.539592
24.724725 19.844237 4.565549
24.824825 20.137412 4.597544
24.924925 20.485398 4.635234
25.025025 20.885255 4.678168
25.125125 21.333165 4.725798
25.225225 21.824487 4.777498
25.325325 22.353823 4.832579
25.425425 22.915099 4.890307
25.525526 23.501665 4.949916
25.625626 24.106400 5.010629
25.725726 24.721823 5.071669
25.825826 25.340223 5.132273
25.925926 25.953780 5.191703
26.026026 26.554697 5.249257
26.126126 27.135330 5.304275
26.226226 27.688315 5.356147
26.326326 28.206690 5.404321
26.426426 28.684009 5.448303
26.526527 29.114451 5.487664
26.626627 29.492913 5.522039
26.726727 29.815092 5.551134
26.826827 30.077553 5.574724
26.926927 30.277779 5.592654
27.027027 30.414210 5.604838
27.127127 30.486259 5.611262
27.227227 30.494315 5.611980
27.327327 30.439725 5.607114
27.427427 30.324766 5.596853
27.527528 30.152596 5.581451
27.627628 29.927193 5.561222
27.727728 29.653280 5.536540
27.827828 29.336245 5.507835
27.927928 28.982042 5.475586
28.028028 28.597093 5.440321
28.128128 28.188181 5.402609
28.228228 27.762345 5.363054
28.328328 27.326768 5.322290
28.428428 26.888673 5.280973
28.528529 26.455217 5.239773
28.628629 26.033394 5.199365
28.728729 25.629946 5.160421
28.828829 25.251275 5.123600
28.928929 24.903376 5.089536
29.029029 24.591766 5.058830
29.129129 24.321439 5.032041
29.229229 24.096818 5.009672
29.329329 23.921728 4.992167
29.429429 23.799376 4.979897
29.529530 23.732337 4.973162
29.629630 23.722560 4.972179
29.729730 23.771375 4.977085
29.829830 23.879508 4.987936
29.929930 24.047108 5.004709
30.030030 24.273775 5.027303
30.130130 24.558596 5.055551
30.230230 24.900185 5.089222
30.330330 25.296722 5.128033
30.430430 25.745997 5.171653
30.530531 26.245456 5.219718
30.630631 26.792240 5.271835
30.730731 27.383236 5.327592
30.830831 28.015110 5.386568
30.930931 28.684352 5.448335
31.031031 29.387312 5.512469
31.131131 30.120238 5.578552
31.231231 30.879300 5.646176
31.331331 31.660629 5.714948
31.431431 32.460336 5.784491
31.531532 33.274537 5.854446
31.631632 34.099376 5.924473
31.731732 34.931040 5.994251
31.831832 35.765778 6.063479
31.931932 36.599908 6.131876
32.032032 37.429837 6.199180
32.132132 38.252063 6.265147
32.232232 39.063189 6.329549
32.332332 39.859927 6.392177
32.432432 40.639106 6.452837
32.532533 41.397676 6.511350
32.632633 42.132712 6.567550
32.732733 42.841422 6.621286
32.832833 43.521145 6.672417
32.932933 44.169362 6.720816
33.033033 44.783693 6.766365
33.133133 45.361902 6.808957
33.233233 45.901904 6.848496
33.333333 46.401761 6.884894
33.433433 46.859692 6.918070
33.533534 47.274073 6.947955
33.633634 47.643436 6.974485
33.733734 47.966479 6.997605
33.833834 48.242061 7.017269
33.933934 48.469207 7.033435
34.034034 48.647111 7.046071
34.134134 48.775134 7.055149
34.234234 48.852806 7.060652
34.334334 48.879827 7.062565
34.434434 48.856063 7.060883
34.534535 48.781551 7.055604
34.634635 48.656489 7.046736
34.734735 48.481244 7.034291
34.834835 48.256339 7.018286
34.934935 47.982456 6.998747
35.035035 47.660429 6.975703
35.135135 47.291239 6.949190
35.235235 46.876010 6.919249
35.335335 46.416001 6.885928
35.435435 45.912601 6.849277
35.535536 45.367320 6.809355
35.635636 44.781783 6.766224
35.735736 44.157718 6.719949
35.835836 43.496955 6.670604
35.935936 42.801407 6.618263
36.036036 42.073068 6.563008
36.136136 41.314002 6.504921
36.236236 40.526331 6.444093
36.336336 39.712225 6.380613
36.436436 38.873897 6.314578
36.536537 38.013588 6.246086
36.636637 37.133557 6.175237
36.736737 36.236075 6.102137
36.836837 35.323413 6.026891
36.936937 34.397832 5.949608
37.037037 33.461575 5.870398
37.137137 32.516860 5.789375
37.237237 31.565867 5.706651
37.337337 30.610734 5.622342
37.437437 29.653548 5.536565
37.537538 28.696337 5.449435
37.637638 27.741068 5.361070
37.737738 26.789635 5.271587
37.837838 25.843855 5.181106
37.937938 24.905467 5.089741
38.038038 23.976125 4.997612
38.138138 23.057392 4.904834
38.238238 22.150742 4.811522
38.338338 21.257552 4.717791
38.438438 20.379106 4.623755
38.538539 19.516588 4.529524
38.638639 18.671085 4.435210
38.738739 17.843584 4.340920
38.838839 17.034977 4.246761
38.938939 16.246054 4.152837
39.039039 15.477511 4.059250
39.139139 14.729949 3.966100
39.239239 14.003876 3.873484
39.339339 13.299710 3.781496
39.439439 12.617780 3.690228
39.539540 11.958333 3.599769
39.639640 11.321533 3.510204
39.739740 10.707466 3.421617
39.839840 10.116146 3.334088
39.939940 9.547515 3.247694
40.040040 9.001450 3.162507
40.140140 8.477768 3.078598
40.240240 7.976226 2.996035
40.340340 7.496530 2.914881
40.440440 7.038336 2.835196
40.540541 6.601257 2.757038
40.640641 6.184863 2.680460
40.740741 5.788693 2.605512
40.840841 5.412249 2.532242
40.940941 5.055009 2.460693
41.041041 4.716426 2.390905
41.141141 4.395932 2.322915
41.241241 4.092944 2.256755
41.341341 3.806866 2.192457
41.441441 3.537091 2.130045
41.541542 3.283006 2.069543
41.641642 3.043996 2.010969
41.741742 2.819444 1.954340
41.841842 2.608733 1.899667
41.941942 2.411252 1.846958
42.042042 2.226397 1.796217
42.142142 2.053570 1.747447
42.242242 1.892184 1.700642
42.342342 1.741662 1.655797
42.442442 1.601443 1.612899
42.542543 1.470977 1.571934
42.642643 1.349731 1.532883
42.742743 1.237187 1.495723
42.842843 1.132845 1.460426
42.942943 1.036221 1.426962
43.043043 0.946850 1.395296
43.143143 0.864285 1.365388
43.243243 0.788097 1.337198
43.343343 0.717876 1.310678
43.443443 0.653230 1.285780
43.543544 0.593785 1.262452
43.643644 0.539187 1.240640
43.743744 0.489099 1.220286
43.843844 0.443201 1.201333
43.943944 0.401191 1.183719
44.044044 0.362785 1.167384
44.144144 0.327713 1.152264
44.244244 0.295723 1.138298
44.344344 0.266578 1.125423
44.444444 0.240054 1.113577
44.544545 0.215944 1.102699
44.644645 0.194053 1.092727
44.744745 0.174199 1.083605
44.844845 0.156214 1.075274
44.944945 0.139939 1.067679
45.045045 0.125229 1.060768
45.145145 0.111949 1.054490
45.245245 0.099972 1.048796
45.345345 0.089184 1.043640
45.445445 0.079477 1.038979
45.545546 0.070753 1.034772
45.645646 0.062920 1.030980
45.745746 0.055897 1.027568
45.845846 0.049605 1.024502
45.945946 0.043976 1.021751
46.046046 0.038945 1.019287
46.146146 0.034454 1.017081
46.246246 0.030448 1.015110
46.346346 0.026881 1.013351
46.446446 0.023706 1.011784
46.546547 0.020885 1.010389
46.646647 0.018380 1.009148
46.746747 0.016159 1.008047
46.846847 0.014191 1.007071
46.946947 0.012450 1.006206
47.047047 0.010912 1.005441
47.147147 0.009553 1.004765
47.247247 0.008355 1.004169
47.347347 0.007299 1.003643
47.447447 0.006371 1.003180
47.547548 0.005554 1.002773
47.647648 0.004837 1.002416
47.747748 0.004209 1.002102
47.847848 0.003658 1.001827
47.947948 0.003176 1.001587
48.048048 0.002754 1.001376
48.148148 0.002386 1.001192
48.248248 0.002065 1.001032
48.348348 0.001786 1.000892
48.448448 0.001542 1.000771
48.548549 0.001331 1.000665
48.648649 0.001147 1.000573
48.748749 0.000988 1.000494
48.848849 0.000849 1.000425
48.948949 0.000730 1.000365
49.049049 0.000626 1.000313
49.149149 0.000537 1.000268
49.249249 0.000460 1.000230
49.349349 0.000394 1.000197
49.449449 0.000336 1.000168
49.549550 0.000287 1.000144
49.649650 0.000245 1.000122
49.749750 0.000209 1.000104
49.849850 0.000178 1.000089
49.949950 0.000151 1.000076
50.050050 0.000128 1.000064
50.150150 0.000109 1.000054
50.250250 0.000092 1.000046
50.350350 0.000078 1.000039
50.450450 0.000066 1.000033
50.550551 0.000056 1.000028
50.650651 0.000047 1.000024
50.750751 0.000040 1.000020
50.850851 0.000033 1.000017
50.950951 0.000028 1.000014
51.051051 0.000024 1.000012
51.151151 0.000020 1.000010
51.251251 0.000017 1.000008
51.351351 0.000014 1.000007
51.451451 0.000012 1.000006
51.551552 0.000010 1.000005
51.651652 0.000008 1.000004
51.751752 0.000007 1.000003
51.851852 0.000006 1.000003
51.951952 0.000005 1.000002
52.052052 0.000004 1.000002
52.152152 0.000003 1.000002
52.252252 0.000003 1.000001
52.352352 0.000002 1.000001
52.452452 0.000002 1.000001
52.552553 0.000002 1.000001
52.652653 0.000001 1.000001
52.752753 0.000001 1.000001
52.852853 0.000001 1.000000
52.952953 0.000001 1.000000
53.053053 0.000001 1.000000
53.153153 0.000000 1.000000
53.253253 0.000000 1.000000
53.353353 0.000000 1.000000
53.453453 0.000000 1.000000
53.553554 0.000000 1.000000
53.653654 0.000000 1.000000
53.753754 0.000000 1.000000
53.853854 0.000000 1.000000
53.953954 0.000000 1.000000
54.054054 0.000000 1.000000
54.154154 0.000000 1.000000
54.254254 0.000000 1.000000
54.354354 0.000000 1.000000
54.454454 0.000000 1.000000
54.554555 0.000000 1.000000
54.654655 0.000000 1.000000
54.754755 0.000000 1.000000
54.854855 0.000000 1.000000
54.954955 0.000000 1.000000
55.055055 0.000000 1.000000
55.155155 0.000000 1.000000
55.255255 0.000000 1.000000
55.355355 0.000000 1.000000
55.455455 0.000000 1.000000
55.555556 0.000000 1.000000
55.655656 0.000000 1.000000
55.755756 0.000000 1.000000
55.855856 0.000000 1.000000
55.955956 0.000000 1.000000
56.056056 0.000000 1.000000
56.156156 0.000000 1.000000
56.256256 0.000000 1.000000
56.356356 0.000000 1.000000
56.456456 0.000000 1.000000
56.556557 0.000000 1.000000
56.656657 0.000000 1.000000
56.756757 0.000000 1.000000
56.856857 0.000000 1.000000
56.956957 0.000000 1.000000
57.057057 0.000000 1.000000
57.157157 0.000000 1.000000
57.257257 0.000000 1.000000
57.357357 0.000000 1.000000
57.457457 0.000000 1.000000
57.557558 0.000000 1.000000
57.657658 0.000000 1.000000
57.757758 0.000000 1.000000
57.857858 0.000000 1.000000
57.957958 0.000000 1.000000
58.058058 0.000000 1.000000
58.158158 0.000000 1.000000
58.258258 0.000000 1.000000
58.358358 0.000000 1.000000
58.458458 0.000001 1.000000
58.558559 0.000001 1.000000
58.658659 0.000001 1.000000
58.758759 0.000001 1.000000
58.858859 0.000001 1.000001
58.958959 0.000001 1.000001
59.059059 0.000002 1.000001
59.159159 0.000002 1.000001
59.259259 0.000002 1.000001
59.359359 0.000003 1.000001
59.459459 0.000003 1.000002
59.559560 0.000004 1.000002
59.659660 0.000004 1.000002
59.759760 0.000005 1.000003
59.859860 0.000006 1.000003
59.959960 0.000007 1.000004
60.060060 0.000009 1.000004
60.160160 0.000010 1.000005
60.260260 0.000012 1.000006
60.360360 0.000014 1.000007
60.460460 0.000017 1.000008
60.560561 0.000020 1.000010
60.660661 0.000023 1.000012
60.760761 0.000027 1.000014
60.860861 0.000032 1.000016
60.960961 0.000037 1.000019
61.061061 0.000044 1.000022
61.161161 0.000051 1.000026
61.261261 0.000060 1.000030
61.361361 0.000070 1.000035
61.461461 0.000081 1.000041
61.561562 0.000095 1.000047
61.661662 0.000111 1.000055
61.761762 0.000129 1.000064
61.861862 0.000150 1.000075
61.961962 0.000174 1.000087
62.062062 0.000202 1.000101
62.162162 0.000234 1.000117
62.262262 0.000272 1.000136
62.362362 0.000315 1.000157
62.462462 0.000364 1.000182
62.562563 0.000421 1.000210
62.662663 0.000486 1.000243
62.762763 0.000561 1.000280
62.862863 0.000646 1.000323
62.962963 0.000745 1.000372
63.063063 0.000857 1.000429
63.163163 0.000986 1.000493
63.263263 0.001133 1.000566
63.363363 0.001300 1.000650
63.463463 0.001492 1.000746
63.563564 0.001709 1.000854
63.663664 0.001957 1.000978
63.763764 0.002239 1.001119
63.863864 0.002560 1.001279
63.963964 0.002923 1.001461
64.064064 0.003336 1.001667
64.164164 0.003803 1.001900
64.264264 0.004333 1.002164
64.364364 0.004931 1.002463
64.464464 0.005608 1.002800
64.564565 0.006371 1.003181
64.664665 0.007233 1.003610
64.764765 0.008204 1.004093
64.864865 0.009297 1.004638
64.964965 0.010527 1.005250
65.065065 0.011909 1.005937
65.165165 0.013461 1.006708
65.265265 0.015202 1.007572
65.365365 0.017153 1.008540
65.465465 0.019339 1.009623
65.565566 0.021784 1.010833
65.665666 0.024516 1.012184
65.765766 0.027568 1.013690
65.865866 0.030973 1.015369
65.965966 0.034769 1.017236
66.066066 0.038996 1.019312
66.166166 0.043699 1.021616
66.266266 0.048928 1.024172
66.366366 0.054734 1.027003
66.466466 0.061177 1.030135
66.566567 0.068320 1.033596
66.666667 0.076230 1.037415
66.766767 0.084983 1.041625
66.866867 0.094660 1.046260
66.966967 0.105348 1.051355
67.067067 0.117141 1.056949
67.167167 0.130142 1.063081
67.267267 0.144461 1.069795
67.367367 0.160218 1.077134
67.467467 0.177540 1.085145
67.567568 0.196566 1.093877
67.667668 0.217443 1.103378
67.767768 0.240330 1.113701
67.867868 0.265398 1.124899
67.967968 0.292828 1.137026
68.068068 0.322815 1.150137
68.168168 0.355566 1.164288
68.268268 0.391303 1.179535
68.368368 0.430261 1.195935
68.468468 0.472690 1.213545
68.568569 0.518857 1.232419
68.668669 0.569044 1.252615
68.768769 0.623547 1.274185
68.868869 0.682684 1.297183
68.968969 0.746786 1.321660
69.069069 0.816206 1.347667
69.169169 0.891311 1.375249
69.269269 0.972491 1.404454
69.369369 1.060154 1.435324
69.469469 1.154726 1.467899
69.569570 1.256654 1.502216
69.669670 1.366406 1.538313
69.769770 1.484467 1.576219
69.869870 1.611346 1.615966
69.969970 1.747568 1.657579
70.070070 1.893681 1.701082
70.170170 2.050251 1.746497
70.270270 2.217864 1.793841
70.370370 2.397123 1.843129
70.470470 2.588652 1.894374
70.570571 2.793090 1.947586
70.670671 3.011093 2.002771
70.770771 3.243334 2.059935
70.870871 3.490499 2.119080
70.970971 3.753287 2.180203
71.071071 4.032410 2.243303
71.171171 4.328590 2.308374
71.271271 4.642556 2.375407
71.371371 4.975045 2.444391
71.471471 5.326797 2.515313
71.571572 5.698556 2.588157
71.671672 6.091064 2.662905
71.771772 6.505062 2.739537
71.871872 6.941284 2.818028
71.971972 7.400457 2.898354
72.072072 7.883296 2.980486
72.172172 8.390502 3.064393
72.272272 8.922758 3.150041
72.372372 9.480727 3.237395
72.472472 10.065046 3.326416
72.572573 10.676325 3.417064
72.672673 11.315142 3.509294
72.772773 11.982039 3.603060
72.872873 12.677520 3.698313
72.972973 13.402045 3.795003
73.073073 14.156027 3.893074
73.173173 14.939829 3.992472
73.273273 15.753758 4.093135
73.373373 16.598064 4.195005
73.473473 17.472934 4.298015
73.573574 18.378491 4.402101
73.673674 19.314787 4.507193
73.773774 20.281803 4.613220
73.873874 21.279442 4.720110
73.973974 22.307532 4.827788
74.074074 23.365817 4.936174
74.174174 24.453957 5.045191
74.274274 25.571527 5.154758
74.374374 26.718013 5.264790
74.474474 27.892813 5.375204
74.574575 29.095231 5.485912
74.674675 30.324482 5.596828
74.774775 31.579686 5.707862
74.874875 32.859871 5.818924
74.974975 34.163973 5.929922
75.075075 35.490836 6.040765
75.175175 36.839213 6.151359
75.275275 38.207767 6.261611
75.375375 39.595076 6.371426
75.475475 40.999630 6.480712
75.575576 42.419840 6.589373
75.675676 43.854038 6.697316
75.775776 45.300480 6.804446
75.875876 46.757355 6.910670
75.975976 48.222783 7.015895
76.076076 49.694826 7.120030
76.176176 51.171490 7.222983
76.276276 52.650734 7.324666
76.376376 54.130474 7.424990
76.476476 55.608588 7.523868
76.576577 57.082929 7.621216
76.676677 58.551328 7.716951
76.776777 60.011599 7.810992
76.876877 61.461555 7.903262
76.976977 62.899006 7.993685
77.077077 64.321776 8.082189
77.177177 65.727704 8.168703
77.277277 67.114658 8.253160
77.377377 68.480538 8.335499
77.477477 69.823287 8.415657
77.577578 71.140901 8.493580
77.677678 72.431431 8.569214
77.777778 73.692996 8.642511
77.877878 74.923790 8.713426
77.977978 76.122084 8.781918
78.078078 77.286240 8.847951
78.178178 78.414713 8.911493
78.278278 79.506057 8.972517
78.378378 80.558933 9.030998
78.478478 81.572112 9.086920
78.578579 82.544481 9.140267
78.678679 83.475047 9.191031
78.778779 84.362937 9.239206
78.878879 85.207406 9.284794
78.978979 86.007835 9.327799
79.079079 86.763738 9.368230
79.179179 87.474753 9.406102
79.279279 88.140654 9.441433
79.379379 88.761342 9.474246
79.479479 89.336846 9.504570
79.579580 89.867325 9.532435
79.679680 90.353060 9.557879
79.779780 90.794453 9.580942
79.879880 91.192026 9.601668
79.979980 91.546413 9.620105
80.080080 91.858354 9.636304
80.180180 92.128697 9.650321
80.280280 92.358383 9.662214
80.380380 92.548446 9.672045
80.480480 92.700002 9.679876
80.580581 92.814244 9.685775
80.680681 92.892436 9.689811
80.780781 92.935900 9.692053
80.880881 92.946014 9.692575
80.980981 92.924198 9.691450
81.081081 92.871912 9.688752
81.181181 92.790640 9.684557
81.281281 92.681887 9.678940
81.381381 92.547171 9.671979
81.481481 92.388008 9.663747
81.581582 92.205912 9.654321
81.681682 92.002382 9.643774
81.781782 91.778894 9.632180
81.881882 91.536894 9.619610
81.981982 91.277795 9.606133
82.082082 91.002961 9.591817
82.182182 90.713710 9.576728
82.282282 90.411302 9.560926
82.382382 90.096934 9.544471
82.482482 89.771738 9.527420
82.582583 89.436772 9.509825
82.682683 89.093020 9.491734
82.782783 88.741385 9.473193
82.882883 88.382689 9.454242
82.982983 88.017670 9.434918
83.083083 87.646978 9.415252
83.183183 87.271176 9.395274
83.283283 86.890739 9.375006
83.383383 86.506054 9.354467
83.483483 86.117421 9.333671
83.583584 85.725052 9.312629
83.683684 85.329076 9.291344
83.783784 84.929540 9.269819
83.883884 84.526408 9.248049
83.983984 84.119570 9.226027
84.084084 83.708844 9.203741
84.184184 83.293975 9.181175
84.284284 82.874647 9.158310
84.384384 82.450481 9.135123
84.484484 82.021047 9.111589
84.584585 81.585861 9.087676
84.684685 81.144398 9.063355
84.784785 80.696092 9.038589
84.884885 80.240346 9.013343
84.984985 79.776536 8.987577
85.085085 79.304017 8.961251
85.185185 78.822129 8.934323
85.285285 78.330204 8.906750
85.385385 77.827570 8.878489
85.485485 77.313558 8.849495
85.585586 76.787509 8.819723
85.685686 76.248777 8.789128
85.785786 75.696737 8.757667
85.885886 75.130788 8.725296
85.985986 74.550359 8.691971
86.086086 73.954913 8.657651
86.186186 73.343951 8.622294
86.286286 72.717020 8.585862
86.386386 72.073710 8.548316
86.486486 71.413662 8.509622
86.586587 70.736571 8.469744
86.686687 70.042187 8.428653
86.786787 69.330316 8.386317
86.886887 68.600826 8.342711
86.986987 67.853645 8.297810
87.087087 67.088765 8.251592
87.187187 66.306239 8.204038
87.287287 65.506184 8.155132
87.387387 64.688780 8.104862
87.487487 63.854273 8.053215
87.587588 63.002969 8.000186
87.687688 62.135234 7.945768
87.787788 61.251497 7.889962
87.887888 60.352245 7.832767
87.987988 59.438021 7.774189
88.088088 58.509421 7.714235
88.188188 57.567094 7.652914
88.288288 56.611740 7.590240
88.388388 55.644103 7.526228
88.488488 54.664970 7.460896
88.588589 53.675170 7.394266
88.688689 52.675568 7.326361
88.788789 51.667062 7.257208
88.888889 50.650579 7.186834
88.988989 49.627074 7.115270
89.089089 48.597521 7.042551
89.189189 47.562916 6.968710
89.289289 46.524267 6.893785
89.389389 45.482596 6.817815
89.489489 44.438930 6.740840
89.589590 43.394300 6.662905
89.689690 42.349738 6.584052
89.789790 41.306271 6.504327
89.889890 40.264922 6.423778
89.989990 39.226700 6.342452
90.090090 38.192604 6.260400
90.190190 37.163614 6.177671
90.290290 36.140692 6.094316
90.390390 35.124778 6.010389
90.490490 34.116787 5.925942
90.590591 33.117606 5.841028
90.690691 32.128093 5.755701
90.790791 31.149076 5.670016
90.890891 30.181348 5.584026
90.990991 29.225666 5.497787
91.091091 28.282754 5.411354
91.191191 27.353294 5.324781
91.291291 26.437933 5.238123
91.391391 25.537274 5.151434
91.491491 24.651882 5.064769
91.591592 23.782280 4.978180
91.691692 22.928949 4.891723
91.791792 22.092329 4.805448
91.891892 21.272817 4.719409
91.991992 20.470768 4.633656
92.092092 19.686497 4.548241
92.192192 18.920276 4.463214
92.292292 18.172337 4.378623
92.392392 17.442871 4.294516
92.492492 16.732032 4.210942
92.592593 16.039933 4.127945
92.692693 15.366652 4.045572
92.792793 14.712229 3.963865
92.892893 14.076670 3.882869
92.992993 13.459947 3.802624
93.093093 12.861998 3.723170
93.193193 12.282733 3.644548
93.293293 11.722029 3.566795
93.393393 11.179736 3.489948
93.493493 10.655680 3.414042
93.593594 10.149657 3.339110
93.693694 9.661444 3.265187
93.793794 9.190793 3.192302
93.893894 8.737437 3.120487
93.993994 8.301090 3.049769
94.094094 7.881448 2.980176
94.194194 7.478192 2.911734
94.294294 7.090990 2.844467
94.394394 6.719494 2.778398
94.494494 6.363348 2.713549
94.594595 6.022184 2.649940
94.694695 5.695628 2.587591
94.794795 5.383297 2.526519
94.894895 5.084802 2.466739
94.994995 4.799751 2.408267
95.095095 4.527749 2.351116
95.195195 4.268396 2.295299
95.295295 4.021294 2.240825
95.395395 3.786045 2.187703
95.495495 3.562249 2.135942
95.595596 3.349511 2.085548
95.695696 3.147437 2.036526
95.795796 2.955638 1.988879
95.895896 2.773729 1.942609
95.995996 2.601328 1.897717
96.096096 2.438062 1.854201
96.196196 2.283561 1.812060
96.296296 2.137464 1.771289
96.396396 1.999417 1.731883
96.496496 1.869073 1.693834
96.596597 1.746093 1.657134
96.696697 1.630147 1.621773
96.796797 1.520913 1.587738
96.896897 1.418078 1.555017
96.996997 1.321339 1.523594
97.097097 1.230400 1.493452
97.197197 1.144977 1.464574
97.297297 1.064793 1.436939
97.397397 0.989582 1.410525
97.497497 0.919086 1.385311
97.597598 0.853059 1.361271
97.697698 0.791261 1.338380
97.797798 0.733464 1.316611
97.897898 0.679447 1.295935
97.997998 0.629000 1.276323
98.098098 0.581921 1.257744
98.198198 0.538016 1.240168
98.298298 0.497101 1.223561
98.398398 0.458999 1.207890
98.498498 0.423543 1.193123
98.598599 0.390571 1.179225
98.698699 0.359933 1.166162
98.798799 0.331483 1.153899
98.898899 0.305083 1.142402
98.998999 0.280604 1.131638
99.099099 0.257921 1.121571
99.199199 0.236918 1.112168
99.299299 0.217484 1.103397
99.399399 0.199515 1.095224
99.499499 0.182911 1.087617
99.599600 0.167581 1.080546
99.699700 0.153435 1.073981
99.799800 0.140393 1.067892
99.899900 0.128375 1.062250
100.000000 0.117310 1.057029
